1.296,0.8748,1.2312,1.8792,0.7776,0.81,NaN,0.7776,NaN,1.0692,1.2312,1.2636,1.1664,1.1988,0.7776,1.1988,1.62,0.7452,0.7776,0.8748,1.1988,NaN,1.2636,1.0368,1.1988,1.3608,1.1016,1.8144,1.1664,1.296,NaN,NaN,NaN,NaN,NaN,NaN,NaN,NaN,NaN,NaN,NaN,NaN,NaN,NaN,0.9072,NaN,NaN,NaN,NaN,NaN
1.6524,2.0088,2.0088,1.7172,1.7496,1.5876,2.3328,1.7496,1.7172,1.6524,1.8144,1.8468,1.782,1.944,1.9116,2.3652,1.6524,1.7496,1.944,2.592,2.43,2.6892,2.9808,1.296,1.3284,1.1664,2.43,NaN,NaN,0.9396,0.7452,NaN,0.8424,0.8748,NaN,0.8424,2.2032,1.8792,0.8424,0.7452,NaN,NaN,0.9396,1.944,NaN,NaN,NaN,NaN,NaN,0.8424
0.9396,1.782,0.8748,1.6524,1.7496,0.8748,0.8748,1.5876,1.0044,2.3976,0.7452,2.3328,1.944,1.782,1.6848,1.0692,2.0736,1.4904,1.7172,2.0412,1.458,2.2356,1.3284,0.972,0.7776,1.1664,1.3284,1.7496,1.1016,1.6524,NaN,0.972,NaN,NaN,NaN,1.4904,0.8424,0.81,0.7776,NaN,NaN,0.7776,NaN,NaN,NaN,NaN,NaN,0.9396,1.1664,NaN
1.0044,0.7776,NaN,0.8424,NaN,0.7776,NaN,NaN,NaN,NaN,0.9396,0.81,0.7452,0.8424,1.0044,0.8424,1.2312,0.972,1.134,1.0044,0.972,0.972,1.0692,1.1664,1.1016,1.0368,0.972,1.0368,1.0044,1.0692,0.9072,1.0044,1.1988,0.8748,0.8748,1.0044,0.9072,0.8748,0.9072,1.0044,0.7452,1.0044,0.7452,0.7776,NaN,NaN,NaN,NaN,NaN,NaN
1.6848,2.1384,2.268,1.6848,2.9808,3.726,1.944,NaN,NaN,5.022,1.8792,NaN,3.1104,4.2768,2.8512,2.1708,NaN,1.8468,1.5552,3.2076,3.0132,2.592,2.6244,2.1384,2.1384,1.9764,0.9072,0.7452,2.8512,2.0736,1.8144,1.8468,1.6848,1.5876,1.6524,1.3284,1.4904,1.3608,1.458,2.1384,2.0412,2.43,1.134,1.62,1.9116,1.5876,1.5228,1.8792,1.5228,1.6848
0.9072,NaN,NaN,NaN,NaN,NaN,NaN,0.9396,NaN,1.1016,1.1664,NaN,NaN,1.2636,0.7776,1.1664,NaN,0.7452,0.8424,NaN,NaN,NaN,1.0368,1.0044,0.8424,2.0736,NaN,NaN,NaN,NaN,NaN,0.9072,0.9396,1.5552,0.8748,NaN,NaN,0.9396,NaN,0.7776,NaN,NaN,NaN,NaN,0.9072,NaN,NaN,0.7452,NaN,0.81
2.3652,1.944,2.8188,2.8512,1.8792,2.0088,3.24,3.4344,2.916,2.7216,2.6244,3.0132,2.8188,1.6524,2.0412,1.9116,2.6244,1.5552,1.944,1.1988,1.458,0.8424,NaN,1.8144,1.0368,2.106,1.3608,0.972,1.8468,0.9072,NaN,1.9764,NaN,NaN,1.7496,1.782,NaN,1.782,1.944,NaN,2.8512,NaN,NaN,NaN,NaN,NaN,NaN,NaN,NaN,NaN
1.2636,NaN,0.9072,2.0736,1.0692,1.3932,1.3932,1.1016,1.1988,1.1988,NaN,1.1664,1.1664,0.8424,0.7452,NaN,1.0044,NaN,0.7452,0.8748,NaN,NaN,NaN,NaN,0.8424,0.7776,NaN,NaN,NaN,NaN,0.972,NaN,NaN,1.0044,NaN,0.7452,0.9396,0.9072,NaN,0.8748,1.134,NaN,NaN,NaN,NaN,NaN,NaN,NaN,NaN,NaN
1.0692,1.4256,1.1016,1.4904,1.0368,1.2636,1.4256,NaN,NaN,1.1988,NaN,1.5876,0.972,1.0044,1.9116,NaN,NaN,NaN,2.106,NaN,NaN,NaN,2.0412,2.3652,1.1664,NaN,2.6568,2.268,1.0692,1.1988,NaN,NaN,NaN,NaN,NaN,NaN,1.4904,1.4256,NaN,0.9072,NaN,NaN,NaN,NaN,0.972,NaN,NaN,1.5876,NaN,NaN
2.7864,3.0132,3.0456,NaN,0.8748,NaN,3.1428,5.8644,0.7776,2.268,1.6848,NaN,2.4948,2.916,2.3004,1.3284,NaN,2.268,3.0132,2.916,2.3976,NaN,2.2356,2.916,2.4948,NaN,NaN,NaN,1.4904,2.6568,2.6568,2.3652,2.2032,2.2356,1.3932,1.6848,2.1384,2.4948,2.592,2.3652,2.106,2.4624,2.5596,3.24,3.2076,1.944,2.3328,1.458,NaN,1.8144
1.7172,1.134,NaN,NaN,1.0368,1.1664,NaN,NaN,NaN,NaN,NaN,NaN,NaN,1.6848,NaN,NaN,NaN,0.9396,NaN,0.8424,0.7452,NaN,NaN,NaN,NaN,NaN,NaN,NaN,NaN,NaN,NaN,NaN,0.8748,NaN,NaN,NaN,NaN,NaN,NaN,NaN,NaN,NaN,NaN,NaN,NaN,NaN,NaN,NaN,NaN,NaN
1.0368,1.8468,NaN,2.3328,2.3652,2.1708,1.1988,2.5596,2.8836,2.1384,NaN,NaN,NaN,0.7452,NaN,2.1384,1.1016,1.0044,NaN,NaN,NaN,NaN,NaN,NaN,NaN,0.8424,NaN,NaN,NaN,1.6848,2.916,3.0132,NaN,3.0132,3.8232,4.3416,NaN,NaN,2.592,2.5272,2.1384,1.944,1.944,2.1708,2.106,2.3976,1.5552,2.106,2.0412,3.4992
1.0692,1.0044,1.1016,NaN,0.8424,NaN,NaN,NaN,NaN,NaN,NaN,NaN,NaN,NaN,0.8424,NaN,NaN,NaN,NaN,NaN,NaN,NaN,1.296,1.1016,NaN,NaN,0.7452,NaN,NaN,NaN,NaN,NaN,NaN,NaN,NaN,1.2312,NaN,NaN,NaN,NaN,NaN,NaN,NaN,NaN,NaN,NaN,NaN,NaN,NaN,NaN
4.0824,4.3416,5.4108,4.8276,2.6244,4.536,3.402,3.3372,5.5404,5.2812,NaN,NaN,4.9572,0.81,2.4624,4.7628,3.1428,2.4948,3.24,2.592,2.106,3.9204,2.3976,2.8836,NaN,NaN,NaN,NaN,5.1516,NaN,NaN,5.4432,NaN,3.5316,6.5772,NaN,NaN,NaN,NaN,NaN,NaN,NaN,NaN,NaN,NaN,NaN,3.3048,6.5124,NaN,NaN
3.9528,3.0132,1.8792,NaN,NaN,3.6936,NaN,4.536,4.3416,NaN,3.2724,3.9852,2.8188,3.3048,3.5316,3.2076,4.536,3.1104,1.944,3.402,2.5596,3.7584,NaN,1.5228,2.7864,3.7908,3.6612,3.5964,3.8232,3.888,4.4712,4.6008,3.8556,3.564,3.2724,3.5964,2.8512,2.8836,2.0412,1.8468,NaN,2.592,1.7496,2.1384,2.3004,NaN,2.0088,NaN,0.9396,3.0132
1.9116,1.8144,1.7172,2.0088,1.4256,1.0368,0.9396,1.3608,1.5552,1.8468,1.5228,1.458,2.0412,2.106,1.782,1.7172,1.9764,1.9764,1.9116,2.1384,1.944,1.9764,2.106,2.1384,2.0736,2.3328,2.6244,2.7864,2.6244,2.3328,2.1708,2.3328,1.944,1.9116,1.9764,2.3004,1.944,1.9116,1.62,1.4904,NaN,NaN,NaN,NaN,NaN,NaN,NaN,NaN,NaN,NaN
1.3284,1.458,1.3932,1.5876,1.2636,NaN,NaN,1.5228,NaN,NaN,1.3932,NaN,1.3932,1.5876,1.5552,1.1988,1.1664,NaN,NaN,NaN,NaN,NaN,NaN,NaN,NaN,NaN,NaN,NaN,NaN,NaN,NaN,1.1016,NaN,NaN,NaN,NaN,NaN,NaN,NaN,1.1664,NaN,NaN,NaN,1.9764,2.0088,2.1708,2.106,1.7172,1.0692,1.134
3.24,2.6244,2.7864,2.8188,2.6568,4.4064,4.4388,2.4624,3.2724,NaN,2.6244,NaN,2.592,2.7864,2.5272,2.592,NaN,NaN,NaN,NaN,NaN,NaN,0.8748,NaN,NaN,0.9396,NaN,NaN,0.7776,1.0692,NaN,NaN,NaN,NaN,NaN,NaN,NaN,NaN,NaN,NaN,NaN,NaN,NaN,NaN,NaN,NaN,NaN,NaN,NaN,NaN
4.4388,4.05,4.6656,5.2812,4.6008,5.184,5.7024,5.184,5.9616,5.346,2.1708,2.7864,2.592,5.022,5.1192,4.9896,NaN,NaN,2.7864,NaN,NaN,NaN,NaN,NaN,NaN,NaN,NaN,NaN,NaN,2.2356,1.5228,2.6244,2.754,NaN,2.592,3.0456,3.1752,2.0412,NaN,2.6892,2.1708,3.1104,2.4948,NaN,NaN,NaN,NaN,NaN,NaN,3.8232
1.458,NaN,NaN,NaN,1.3284,NaN,0.9072,NaN,NaN,NaN,NaN,NaN,0.972,0.8748,NaN,0.7452,NaN,1.62,NaN,1.0692,0.9396,NaN,NaN,0.8748,0.972,NaN,NaN,NaN,1.0692,0.7776,NaN,1.0368,0.8424,NaN,NaN,NaN,NaN,0.8424,0.8424,0.7452,NaN,0.9396,1.1016,NaN,NaN,NaN,1.1016,1.1664,NaN,NaN
4.536,4.1148,6.156,6.5448,3.8232,6.2856,4.698,6.6744,6.4152,6.642,6.2532,6.1884,2.8836,4.86,6.1236,4.7304,6.2532,3.7908,5.994,4.2768,4.3092,4.5684,5.0868,3.7908,3.24,5.0868,5.2164,5.2488,3.9204,2.8512,2.592,4.5036,4.4064,2.5596,4.4712,4.2444,4.6008,2.7864,1.7496,4.536,5.4756,2.4948,4.2768,5.1192,4.0176,2.268,3.5964,3.2724,3.6936,2.3328
0.7452,0.8424,1.4904,NaN,NaN,0.9396,0.8748,NaN,0.9072,1.2312,1.4904,1.1016,0.9396,1.296,0.9396,NaN,NaN,NaN,NaN,NaN,NaN,NaN,NaN,NaN,NaN,NaN,1.1016,0.7776,NaN,NaN,NaN,NaN,0.7776,NaN,NaN,NaN,NaN,NaN,NaN,NaN,NaN,NaN,NaN,NaN,NaN,NaN,NaN,NaN,NaN,NaN
2.106,1.9764,2.0736,2.0412,1.8792,1.944,2.0736,1.9116,1.9116,1.8468,2.0412,1.9116,1.944,1.8792,1.8144,1.9764,NaN,NaN,NaN,1.944,NaN,NaN,NaN,NaN,NaN,NaN,NaN,NaN,NaN,NaN,NaN,NaN,NaN,NaN,NaN,NaN,NaN,NaN,NaN,NaN,NaN,NaN,NaN,NaN,NaN,NaN,NaN,NaN,NaN,NaN
4.536,4.3092,3.24,4.8924,4.374,4.9572,NaN,NaN,3.9204,4.86,4.2444,2.7216,4.4388,4.3416,4.4388,2.7864,3.3048,3.3696,3.3048,3.1104,2.8512,3.0456,3.4668,3.078,3.0456,3.1752,3.2724,4.8276,4.6008,4.2768,3.1428,3.24,4.2444,3.8556,4.1472,3.9528,3.9852,4.3092,3.9528,2.6244,3.9852,3.8232,3.6612,3.9528,2.7864,2.6568,4.0176,3.9528,3.888,2.592
1.2636,1.4904,1.3608,1.2636,1.3608,1.4256,1.296,1.1664,1.2312,1.2636,1.3932,1.5228,1.3932,1.6848,1.4256,1.4904,1.458,1.4256,1.296,1.1664,1.1664,1.2636,1.2636,1.3284,1.2636,0.81,0.7452,NaN,NaN,NaN,NaN,0.81,0.9396,0.81,NaN,NaN,NaN,0.8748,NaN,NaN,NaN,NaN,NaN,NaN,NaN,NaN,NaN,NaN,NaN,NaN
2.106,2.106,3.0132,3.402,4.374,3.6936,3.7584,4.1796,5.832,3.726,5.3136,NaN,2.9808,3.5316,3.8232,2.5596,4.1472,2.916,3.2076,NaN,NaN,2.8188,2.916,2.8512,2.8836,3.3696,2.8188,3.1428,3.24,3.078,2.43,2.916,3.078,2.6892,2.6568,2.8512,2.754,2.6244,2.6568,2.6568,2.4624,2.3328,2.1708,2.106,2.0088,3.0132,2.5272,2.8188,2.4948,2.268
0.8748,0.7776,NaN,1.134,0.7776,0.9072,NaN,NaN,2.1384,0.7452,1.782,NaN,1.5876,2.0088,NaN,NaN,1.458,0.7776,0.8748,1.5228,0.81,1.2636,NaN,NaN,NaN,NaN,0.7776,0.8424,NaN,NaN,NaN,NaN,NaN,0.7452,0.8424,0.8748,0.972,0.8748,NaN,NaN,0.9072,NaN,NaN,0.9072,0.7452,NaN,1.2636,0.9396,0.81,0.7452
1.2312,0.9072,1.1016,NaN,NaN,NaN,NaN,0.9396,1.0044,0.7452,NaN,1.0692,0.81,NaN,0.9072,0.81,NaN,NaN,NaN,NaN,0.8748,1.1016,0.7452,NaN,NaN,NaN,NaN,NaN,NaN,NaN,NaN,NaN,NaN,NaN,NaN,NaN,NaN,NaN,NaN,NaN,NaN,NaN,NaN,NaN,NaN,NaN,NaN,NaN,NaN,NaN
2.4948,NaN,3.078,1.62,NaN,1.7172,1.3932,NaN,NaN,1.4904,NaN,NaN,NaN,1.4904,1.4256,1.5552,NaN,0.81,NaN,NaN,NaN,1.0368,NaN,1.1664,0.7776,NaN,1.0044,1.3932,NaN,NaN,NaN,0.7452,0.9396,NaN,0.8424,NaN,NaN,NaN,NaN,NaN,NaN,NaN,NaN,NaN,NaN,NaN,NaN,NaN,NaN,NaN
1.7172,2.916,2.1708,1.9764,NaN,NaN,NaN,2.9484,3.1104,3.1428,2.2032,1.3284,NaN,NaN,NaN,NaN,NaN,NaN,NaN,NaN,NaN,NaN,NaN,NaN,NaN,NaN,NaN,NaN,NaN,NaN,NaN,NaN,NaN,NaN,NaN,NaN,NaN,NaN,NaN,NaN,NaN,NaN,NaN,NaN,NaN,NaN,NaN,NaN,NaN,NaN
0.8424,NaN,NaN,NaN,NaN,NaN,NaN,NaN,NaN,NaN,0.9072,NaN,NaN,NaN,NaN,NaN,0.7776,NaN,0.8424,NaN,1.134,NaN,NaN,0.8424,NaN,NaN,1.8144,1.0368,NaN,NaN,NaN,NaN,1.4256,1.0368,NaN,NaN,NaN,NaN,NaN,NaN,NaN,NaN,NaN,NaN,NaN,NaN,NaN,NaN,NaN,NaN
4.7952,3.888,4.1796,4.2444,3.564,2.9484,2.9484,2.9484,2.7216,3.3048,3.3048,3.6936,4.2444,5.346,5.2812,4.7952,5.022,3.1428,3.4344,NaN,NaN,NaN,2.268,NaN,1.62,1.782,NaN,NaN,1.2312,NaN,1.3608,NaN,NaN,NaN,NaN,1.3284,1.3932,1.0368,NaN,NaN,NaN,2.5596,5.9292,5.7348,NaN,2.0088,3.9204,NaN,NaN,NaN
1.1016,NaN,0.8424,0.81,NaN,NaN,0.972,NaN,NaN,NaN,NaN,NaN,NaN,NaN,NaN,NaN,NaN,NaN,NaN,NaN,NaN,NaN,NaN,NaN,NaN,NaN,NaN,NaN,NaN,NaN,NaN,NaN,NaN,NaN,NaN,NaN,NaN,NaN,NaN,NaN,NaN,NaN,NaN,NaN,NaN,NaN,NaN,NaN,NaN,NaN
0.81,NaN,0.9072,0.7776,NaN,NaN,NaN,0.7776,NaN,NaN,1.3284,2.0088,NaN,NaN,NaN,NaN,0.8424,1.0044,NaN,NaN,NaN,NaN,NaN,NaN,NaN,NaN,NaN,NaN,NaN,NaN,NaN,NaN,NaN,NaN,NaN,NaN,NaN,NaN,NaN,NaN,NaN,NaN,NaN,NaN,NaN,NaN,NaN,NaN,NaN,NaN
0.7776,1.134,1.4256,1.4256,1.1664,1.3608,1.5228,1.4256,1.3932,1.458,1.296,1.4904,1.296,NaN,1.3932,1.134,1.4904,0.81,1.458,1.1664,1.1664,1.2636,1.3284,1.5228,0.81,1.3608,1.1664,0.9396,1.3284,1.1988,0.81,1.0692,1.296,1.5228,2.592,0.972,1.4904,1.458,1.1664,1.1988,NaN,NaN,0.972,NaN,0.7776,0.7452,NaN,1.1988,0.8424,1.0044
2.6568,5.6376,NaN,3.1752,5.7996,2.0088,1.9116,NaN,NaN,NaN,NaN,NaN,NaN,NaN,NaN,NaN,NaN,2.7216,NaN,NaN,3.24,NaN,NaN,NaN,NaN,NaN,NaN,NaN,NaN,NaN,NaN,NaN,NaN,NaN,NaN,NaN,NaN,NaN,NaN,NaN,NaN,NaN,NaN,NaN,NaN,NaN,NaN,NaN,NaN,NaN
0.9072,NaN,NaN,NaN,NaN,NaN,NaN,NaN,1.8468,1.3284,NaN,NaN,0.7776,NaN,NaN,0.7452,NaN,2.7216,0.7776,NaN,NaN,NaN,NaN,NaN,NaN,NaN,NaN,NaN,NaN,0.7452,NaN,NaN,NaN,NaN,NaN,NaN,NaN,NaN,NaN,NaN,NaN,NaN,NaN,NaN,NaN,NaN,NaN,NaN,NaN,NaN
1.134,1.296,1.134,1.3932,1.2312,1.3932,1.3608,1.134,0.9072,0.9396,0.7776,1.0044,0.8748,0.9396,0.8748,0.8424,NaN,NaN,0.7776,0.7776,NaN,NaN,0.8424,0.7776,NaN,0.7452,NaN,NaN,NaN,NaN,NaN,NaN,NaN,NaN,NaN,NaN,NaN,NaN,NaN,NaN,NaN,NaN,NaN,NaN,NaN,NaN,NaN,NaN,NaN,NaN
1.134,1.1016,1.0692,1.1988,0.7776,1.5228,1.0368,1.0044,1.2312,1.2312,1.134,1.1664,2.0736,1.134,1.0368,1.2312,1.2636,1.1988,1.1988,1.1664,1.1016,0.8424,1.3608,1.0692,NaN,1.0692,NaN,NaN,1.1016,1.2312,NaN,NaN,NaN,NaN,NaN,NaN,NaN,NaN,NaN,NaN,NaN,NaN,NaN,NaN,NaN,NaN,NaN,NaN,NaN,NaN
0.8424,NaN,NaN,NaN,0.7776,NaN,0.9072,0.9396,1.1016,0.7776,NaN,0.8748,NaN,0.81,NaN,NaN,NaN,1.5552,NaN,NaN,NaN,NaN,NaN,1.5552,1.2312,1.3284,0.972,NaN,NaN,1.5228,NaN,NaN,NaN,NaN,1.0044,1.0692,0.9072,1.134,0.9396,NaN,NaN,0.8424,NaN,NaN,0.7452,NaN,0.9072,NaN,NaN,NaN
5.5728,5.346,5.8644,4.0824,3.7584,3.726,3.4992,3.24,3.3372,3.1428,3.1752,3.6936,3.5316,3.7908,3.6936,3.4668,3.402,3.4344,3.3696,3.6936,3.5316,3.6612,3.1428,2.3652,2.916,2.4624,2.268,2.4624,2.268,2.1384,2.268,1.782,2.1384,2.4624,2.3976,2.1708,1.8468,1.9116,1.458,2.1708,2.1708,1.134,1.62,1.4256,1.8792,1.944,2.0412,NaN,NaN,NaN
1.0044,1.0044,0.9396,NaN,NaN,NaN,0.9396,0.8748,1.0044,0.81,0.9072,NaN,0.7452,NaN,1.2312,0.8424,0.7452,NaN,0.9072,0.81,NaN,NaN,NaN,NaN,NaN,NaN,NaN,NaN,NaN,NaN,NaN,NaN,NaN,NaN,0.7776,NaN,0.81,NaN,NaN,NaN,NaN,NaN,NaN,NaN,NaN,NaN,NaN,NaN,NaN,NaN
3.888,3.8556,4.1472,3.8232,4.05,2.4624,3.8232,4.05,3.6936,2.9484,5.2488,4.0824,3.5316,3.3696,4.374,4.212,NaN,3.3696,NaN,NaN,2.5596,2.5596,NaN,NaN,2.3976,3.1752,2.5596,4.0176,4.7628,5.3784,3.1752,2.5272,NaN,NaN,4.6332,NaN,4.8924,4.6008,2.1708,NaN,4.9248,NaN,5.3784,5.2812,4.3092,NaN,NaN,NaN,NaN,NaN
1.62,NaN,NaN,NaN,NaN,NaN,NaN,1.1664,0.7452,1.0368,NaN,NaN,NaN,NaN,NaN,NaN,NaN,NaN,NaN,NaN,NaN,0.8424,NaN,NaN,NaN,NaN,NaN,NaN,NaN,1.1016,0.972,0.9396,1.1016,NaN,NaN,NaN,2.0412,NaN,NaN,1.944,1.1988,2.106,1.7172,NaN,NaN,NaN,NaN,NaN,NaN,NaN
2.7864,1.782,1.7496,2.8836,2.592,2.5596,2.4624,1.8144,0.972,1.5228,1.6524,1.782,1.458,1.3284,1.62,1.7496,2.106,1.62,1.9764,1.9764,1.7172,1.944,2.5596,2.6568,1.458,1.458,1.458,1.62,1.62,1.6524,1.2636,1.8792,1.458,1.2312,1.2312,1.9116,0.7776,NaN,1.0692,NaN,1.0044,0.8748,NaN,0.7776,1.296,1.3284,0.8424,1.3284,1.134,1.1988
4.3092,4.3416,1.62,1.1664,1.0692,NaN,NaN,NaN,NaN,NaN,1.4904,1.7172,NaN,NaN,NaN,NaN,NaN,NaN,NaN,NaN,2.0736,NaN,NaN,NaN,NaN,NaN,NaN,NaN,NaN,NaN,NaN,NaN,NaN,NaN,NaN,NaN,1.2636,NaN,NaN,NaN,NaN,NaN,NaN,0.81,0.81,NaN,NaN,NaN,NaN,NaN
1.7496,0.8748,NaN,NaN,NaN,NaN,NaN,NaN,0.81,NaN,NaN,2.4624,NaN,2.6244,3.6936,3.3696,NaN,NaN,NaN,2.7864,NaN,2.3652,3.7584,2.5596,3.7584,2.6892,3.6612,3.6612,NaN,NaN,NaN,4.1796,2.8836,3.402,3.5316,2.8188,2.7216,2.592,3.3048,2.6244,3.3048,3.7908,3.0456,3.3372,NaN,2.5596,NaN,NaN,2.5596,3.0456
1.944,0.972,1.2636,1.0368,NaN,NaN,NaN,1.1016,1.8468,1.458,NaN,NaN,1.4904,NaN,1.3932,NaN,1.8144,1.5552,1.62,1.9116,1.6848,0.7776,1.7172,1.0692,1.3284,NaN,NaN,NaN,1.6524,NaN,1.7172,1.62,1.3932,1.6524,2.2356,1.458,1.5552,1.8792,1.782,2.0088,1.782,1.7496,1.6848,2.0088,2.2032,1.9116,2.0412,2.3652,2.0736,1.9764
2.7216,2.0736,2.0736,1.62,1.5228,1.8468,1.3932,1.9764,1.134,1.0692,1.7172,2.106,2.43,2.7216,1.0368,0.9072,NaN,2.6892,1.458,1.0692,1.6524,0.9396,2.2356,1.0692,1.0044,NaN,0.81,NaN,0.972,0.8424,NaN,NaN,NaN,NaN,NaN,NaN,NaN,NaN,NaN,NaN,NaN,NaN,NaN,NaN,NaN,NaN,NaN,NaN,NaN,NaN
0.7776,0.9396,0.7776,0.81,0.7776,0.7452,0.972,0.8748,0.8748,0.8748,0.7452,1.134,1.134,0.8748,1.0044,0.8748,0.972,NaN,0.7776,0.7776,0.7452,0.7452,NaN,0.972,0.8424,0.81,NaN,NaN,NaN,NaN,NaN,NaN,NaN,NaN,NaN,NaN,NaN,NaN,NaN,NaN,NaN,0.81,NaN,NaN,NaN,NaN,NaN,NaN,NaN,NaN
2.0412,1.1664,0.972,0.8424,0.81,1.0368,1.5552,2.1708,2.0412,1.134,1.0692,0.81,0.81,1.1664,1.7496,1.1988,1.3932,1.0692,0.8424,NaN,NaN,NaN,2.268,1.0368,1.2636,NaN,NaN,NaN,0.8748,NaN,NaN,0.972,1.0044,NaN,NaN,NaN,NaN,1.2636,NaN,NaN,NaN,1.4256,1.3608,NaN,0.7452,0.8424,NaN,1.5228,NaN,NaN
1.5876,1.1016,1.1988,1.0044,0.8424,NaN,1.134,0.7452,1.134,1.1988,NaN,1.0368,NaN,NaN,NaN,NaN,0.7452,NaN,0.9396,NaN,NaN,NaN,1.3932,1.0692,NaN,NaN,NaN,NaN,1.0044,NaN,NaN,NaN,NaN,NaN,NaN,NaN,NaN,NaN,NaN,NaN,NaN,NaN,NaN,NaN,NaN,NaN,NaN,NaN,NaN,NaN
1.8144,0.972,1.782,1.5876,1.1988,1.62,1.0692,1.62,1.1664,0.8748,NaN,1.5552,0.9072,1.5876,0.8424,1.9764,1.0044,1.3608,1.0044,1.1016,0.9072,0.9072,1.62,NaN,1.3608,NaN,NaN,NaN,1.134,0.9396,NaN,1.4256,0.9072,0.81,0.8748,NaN,NaN,NaN,NaN,NaN,NaN,NaN,NaN,NaN,NaN,NaN,NaN,NaN,NaN,NaN
12.3444,NaN,NaN,10.692,NaN,NaN,NaN,NaN,9.2988,1.62,NaN,NaN,NaN,5.8968,8.91,9.2988,6.0264,8.2944,10.53,NaN,5.184,NaN,NaN,NaN,NaN,NaN,NaN,NaN,9.234,NaN,3.0456,7.7112,NaN,NaN,5.6376,3.3372,NaN,NaN,NaN,NaN,NaN,7.7436,5.346,NaN,NaN,NaN,NaN,NaN,NaN,NaN
1.5552,1.296,0.8424,NaN,0.8424,0.9396,0.972,1.1016,0.8748,1.6524,1.0044,0.8424,1.0044,NaN,0.7776,NaN,NaN,NaN,NaN,1.2636,NaN,0.7776,1.5552,0.81,NaN,NaN,0.9072,NaN,0.81,1.5228,2.2356,2.106,NaN,1.62,1.3932,1.2312,3.0132,NaN,NaN,NaN,NaN,1.6524,1.3284,2.3328,0.81,NaN,NaN,1.8468,1.9116,1.4904
1.458,1.4256,1.3932,1.5228,1.296,1.3284,1.4256,1.62,1.3284,1.458,1.5876,1.5552,1.458,1.3284,1.458,1.5552,1.5552,1.3608,1.3284,1.2636,0.9396,1.134,1.134,1.0692,1.0368,1.134,1.2636,1.1016,1.0692,1.1988,1.134,1.0044,1.1664,0.9396,NaN,1.1016,0.8424,0.9396,1.0044,1.0044,0.972,1.1016,1.134,1.134,1.62,1.5228,1.134,0.8748,NaN,0.8748
1.296,0.7452,0.9072,NaN,0.7452,1.134,1.2312,1.458,2.2356,NaN,1.134,2.0412,NaN,0.7452,NaN,1.4256,NaN,1.0692,1.0044,NaN,NaN,1.2636,1.0368,NaN,1.1664,NaN,NaN,NaN,NaN,NaN,NaN,NaN,NaN,NaN,NaN,NaN,NaN,NaN,NaN,NaN,NaN,NaN,NaN,NaN,NaN,NaN,NaN,NaN,NaN,NaN
2.7216,3.1752,2.8188,2.9484,2.4624,1.2636,2.4624,2.8512,3.0132,NaN,NaN,NaN,2.0412,2.3004,2.5272,NaN,NaN,NaN,1.8468,1.1664,1.5552,1.0368,NaN,NaN,0.972,NaN,NaN,NaN,NaN,0.7452,NaN,NaN,NaN,NaN,NaN,NaN,NaN,NaN,NaN,1.1016,NaN,NaN,0.8424,NaN,NaN,NaN,NaN,2.4948,0.8748,NaN
1.134,0.9396,0.81,1.0044,0.7776,0.7452,NaN,0.9396,0.8748,0.8424,0.81,0.8748,0.9072,0.7452,0.8424,NaN,0.7452,NaN,0.9072,NaN,0.7452,0.8748,0.81,0.81,0.9072,NaN,0.81,0.972,NaN,NaN,NaN,NaN,NaN,0.7776,1.1664,NaN,0.7452,NaN,NaN,NaN,0.8424,NaN,NaN,0.7452,0.972,0.7452,NaN,0.7776,0.7452,NaN
2.8836,2.8836,2.3328,2.4624,2.4624,2.5596,2.5596,2.5272,2.6892,2.5272,2.3004,2.5272,2.43,2.5596,2.43,2.4624,2.3976,2.2356,2.2356,2.268,1.944,1.9764,2.106,2.1384,2.2356,2.2032,2.106,2.0412,1.7496,1.8468,1.62,1.782,1.6524,1.6524,1.458,1.3608,1.134,1.1016,1.1664,1.4256,1.458,1.458,1.3608,1.3284,1.2636,1.3608,1.1988,1.2636,0.972,1.0692
0.972,1.0692,1.0044,1.0044,1.0368,0.9072,1.0044,NaN,1.0368,0.9396,0.9072,1.0044,0.972,NaN,NaN,1.0044,1.0368,1.1664,0.7452,0.7452,0.8748,1.1016,0.972,1.134,NaN,NaN,NaN,NaN,NaN,NaN,NaN,0.7452,NaN,NaN,1.0044,NaN,NaN,0.972,0.9396,0.972,0.8748,NaN,NaN,0.9072,0.81,NaN,1.0044,NaN,0.81,NaN
3.2076,3.888,3.24,4.374,2.9484,3.6936,2.4624,2.9808,3.402,2.106,2.106,3.4344,2.592,3.1752,6.318,2.7216,1.9116,1.5876,1.8144,1.7172,1.2312,2.0736,2.106,1.944,2.916,1.0368,1.8792,2.2356,1.944,1.8468,NaN,NaN,1.62,1.782,1.9116,1.6524,1.3284,NaN,NaN,1.0692,1.3608,NaN,1.7172,2.3652,2.916,1.1016,1.8144,3.078,NaN,1.4256
1.4904,1.6848,1.458,1.5228,1.1988,1.1988,1.2312,1.296,1.3608,1.296,1.134,1.296,1.1016,1.3284,1.0044,1.2636,1.5228,1.2636,1.3932,1.296,1.3932,1.458,1.134,1.134,0.9072,0.9396,0.9396,0.9072,0.8748,NaN,0.7776,NaN,0.7776,NaN,1.0692,0.7452,1.0368,0.8424,NaN,0.9072,NaN,NaN,NaN,0.9396,0.9396,0.81,NaN,NaN,NaN,NaN
2.2356,2.4948,2.3004,2.5272,2.268,2.5596,2.3328,2.43,2.5272,2.3652,2.5272,2.3652,2.5272,2.3652,2.5272,2.6244,2.6892,2.5596,2.4948,2.6244,2.3652,2.5596,2.6244,2.43,2.4948,2.592,2.5596,2.7864,2.5272,2.4948,2.1708,2.3004,2.43,2.6568,2.592,2.3976,2.268,2.3976,2.4624,2.3652,2.268,2.592,2.3976,2.4624,2.4948,2.3652,2.1708,2.3976,2.3652,2.0736
2.8836,2.4624,2.4948,2.754,2.5596,2.6892,2.592,2.3976,2.43,2.4948,2.592,2.8188,2.6568,2.6568,2.6244,2.5272,2.5272,2.6892,2.916,2.4624,2.7864,2.3652,2.754,2.5596,2.5272,2.6244,2.8188,2.592,2.5596,2.754,2.6892,2.7864,2.4624,2.592,2.43,2.6892,2.4948,2.4624,2.3328,2.6568,2.3004,2.4624,2.6244,2.5596,2.4624,2.43,2.43,2.3976,2.3004,2.3652
1.7496,1.782,1.8144,1.5552,1.5876,1.7496,1.7496,1.782,1.6524,1.6848,1.458,1.3932,1.5876,1.458,1.5876,1.4904,1.6524,1.6524,1.4256,1.6848,1.4904,1.296,1.5876,1.4904,1.2312,1.3932,1.3608,1.62,1.4256,1.4256,1.458,1.458,1.4256,1.1664,1.2636,1.1988,1.2636,1.3932,1.3284,1.2312,1.5228,1.3608,1.5228,1.3284,1.5876,1.3284,1.3932,1.1664,1.1016,1.1016
2.916,2.8836,2.6244,3.078,2.9484,2.754,2.592,3.0456,2.4948,2.7864,2.5272,2.0412,1.9116,2.268,NaN,1.9764,1.3284,3.078,2.3328,2.4624,2.7864,2.0736,2.8188,2.4624,2.43,2.5596,2.4948,1.5552,2.592,3.1428,2.5596,3.0456,3.1428,2.3976,1.4904,0.8424,0.8424,2.268,NaN,2.4948,1.8144,2.3652,2.3976,NaN,2.6892,2.5596,1.5552,1.782,2.2356,2.1384
4.05,4.1148,4.4388,4.2768,3.9528,4.1472,4.05,4.374,4.3092,4.3416,4.0824,4.212,4.0176,4.1148,4.05,4.05,4.1148,4.05,4.05,4.1148,4.1148,4.0824,4.2444,4.05,4.05,3.8232,3.9528,4.1796,4.3092,4.2768,4.1148,4.2444,4.3092,3.9852,4.1148,4.2768,3.726,4.3416,3.9204,3.9204,4.0176,4.1148,4.0176,3.9852,4.0176,3.9852,3.8232,4.212,4.1148,4.05
1.134,1.5552,1.2312,1.7496,1.0692,1.4256,0.7452,1.8144,1.3932,1.0368,0.8748,1.0692,1.296,1.3284,0.8748,1.458,1.3932,1.134,1.1988,0.9072,1.0692,1.1664,1.134,1.1664,0.972,NaN,NaN,NaN,NaN,NaN,NaN,NaN,NaN,0.7452,0.9396,0.9396,0.9396,1.134,NaN,1.0692,0.9072,NaN,NaN,NaN,NaN,1.0368,0.8748,1.0044,0.9072,0.9396
17.7552,16.8804,14.904,16.7508,NaN,17.3016,NaN,16.9776,NaN,16.9776,NaN,NaN,NaN,NaN,10.4976,12.798,NaN,14.1264,NaN,NaN,NaN,NaN,NaN,NaN,NaN,NaN,NaN,17.8524,NaN,6.1236,NaN,11.7936,NaN,NaN,NaN,7.6464,NaN,NaN,NaN,1.2636,NaN,NaN,NaN,NaN,NaN,0.972,NaN,NaN,NaN,NaN
1.0368,NaN,NaN,1.4256,NaN,NaN,NaN,1.0368,NaN,NaN,NaN,NaN,NaN,NaN,NaN,NaN,1.0368,NaN,0.8748,NaN,NaN,NaN,NaN,NaN,NaN,NaN,NaN,NaN,NaN,NaN,NaN,NaN,NaN,NaN,0.8748,NaN,NaN,NaN,NaN,0.7776,NaN,NaN,NaN,NaN,NaN,NaN,NaN,NaN,NaN,NaN
2.7864,2.7864,2.6244,2.9808,2.5596,2.7864,2.592,2.8512,3.1428,2.8512,2.6244,2.7216,2.6568,2.6568,2.5272,2.3328,3.3372,2.3004,2.6568,2.754,2.5272,2.3328,2.4948,2.3328,2.43,2.592,2.5272,2.3328,2.5596,2.1708,2.2356,2.6568,2.3652,2.5596,2.268,2.43,2.4624,2.6244,2.3652,2.592,2.3652,2.5272,2.43,2.592,2.1708,2.1708,2.5272,2.2032,2.3328,2.3328
1.2636,0.9396,1.0368,1.0692,1.1664,1.1016,1.1664,1.0692,1.296,1.1664,1.1664,1.1988,0.8424,1.0368,1.2312,0.9396,1.0044,0.972,0.8748,0.9396,0.7776,0.81,0.81,0.8424,NaN,0.972,0.8424,1.0044,0.81,1.1016,0.972,0.8748,0.81,1.1664,0.972,0.972,1.0044,0.8424,1.0044,1.0044,0.8748,0.7452,1.0368,0.8748,1.0044,0.972,0.9072,0.9072,1.0368,0.9396
18.8244,16.2972,NaN,NaN,NaN,NaN,NaN,18.1764,11.6316,14.3208,NaN,NaN,NaN,12.5064,9.2664,9.2016,10.6596,13.3812,13.5432,NaN,NaN,NaN,16.9452,NaN,NaN,NaN,2.268,NaN,NaN,NaN,NaN,NaN,NaN,NaN,NaN,NaN,NaN,NaN,4.2768,NaN,NaN,NaN,0.9072,NaN,NaN,NaN,NaN,NaN,NaN,NaN
1.2636,1.2636,1.7172,1.5876,1.3932,3.24,1.6524,1.458,NaN,NaN,0.7776,NaN,1.62,NaN,1.2636,NaN,NaN,NaN,2.3328,1.8468,1.0044,NaN,2.0736,1.5228,2.2356,2.5596,2.8512,1.9764,2.0088,4.7628,2.2356,2.916,2.916,1.7172,4.1148,3.726,1.458,NaN,NaN,3.3372,3.2724,4.8276,NaN,NaN,NaN,NaN,NaN,NaN,NaN,NaN
1.1988,0.7452,1.5876,NaN,2.2032,NaN,1.1988,1.296,1.0692,NaN,NaN,NaN,NaN,NaN,NaN,NaN,NaN,1.296,1.2636,NaN,3.078,NaN,1.7496,NaN,0.7452,NaN,NaN,NaN,0.8748,1.1016,1.134,1.296,1.2636,1.0368,1.3608,1.1664,1.1664,1.1016,1.1664,1.296,1.8792,1.4256,1.3932,1.8144,1.62,1.5228,1.4904,1.62,1.1988,0.9072
2.916,2.0088,1.134,0.8748,NaN,NaN,0.8748,0.972,1.0692,1.458,0.7452,0.9396,NaN,NaN,NaN,0.7452,NaN,NaN,NaN,NaN,NaN,0.7452,NaN,NaN,NaN,1.7496,NaN,NaN,NaN,NaN,NaN,NaN,0.8748,NaN,NaN,NaN,NaN,NaN,NaN,NaN,NaN,NaN,NaN,NaN,NaN,NaN,NaN,NaN,NaN,NaN
1.1988,NaN,NaN,NaN,1.62,1.1988,1.2312,1.5228,3.1428,3.3696,1.3932,NaN,NaN,NaN,NaN,NaN,NaN,1.8144,1.8468,NaN,NaN,1.4904,NaN,1.9116,0.9072,1.3284,1.1016,1.1988,0.972,1.0368,NaN,NaN,0.8748,0.8424,0.81,NaN,1.1988,0.81,0.81,0.7776,NaN,NaN,NaN,NaN,NaN,NaN,NaN,NaN,NaN,NaN
4.05,0.7776,NaN,NaN,NaN,NaN,NaN,NaN,3.6612,2.8512,2.8836,2.6244,2.7864,2.4948,2.5272,2.754,2.7864,3.8232,3.8232,4.1148,3.3048,3.7908,4.05,NaN,NaN,NaN,4.4388,NaN,NaN,NaN,0.9072,0.7452,NaN,NaN,NaN,NaN,NaN,NaN,NaN,0.7776,NaN,NaN,NaN,NaN,NaN,NaN,NaN,NaN,NaN,NaN
3.4992,4.2444,4.5036,3.1428,2.0736,2.8836,2.7216,3.0456,NaN,NaN,1.458,4.0176,3.078,4.0824,NaN,2.6892,4.5684,0.972,2.0088,3.9852,NaN,0.9396,NaN,NaN,NaN,NaN,NaN,NaN,NaN,NaN,NaN,0.7776,NaN,NaN,NaN,NaN,NaN,0.7452,NaN,NaN,NaN,NaN,0.9396,NaN,NaN,NaN,NaN,0.7452,NaN,0.9396
1.1988,1.134,NaN,1.2636,1.0368,0.7452,1.1664,1.2312,1.0692,1.2312,NaN,0.8748,0.8424,1.134,NaN,NaN,0.8424,NaN,0.9396,0.8424,NaN,NaN,0.9072,NaN,0.8424,NaN,NaN,NaN,0.9396,1.0044,NaN,NaN,NaN,NaN,NaN,NaN,NaN,0.8748,NaN,NaN,NaN,NaN,NaN,NaN,NaN,NaN,NaN,NaN,NaN,NaN
4.698,4.5684,4.86,4.6332,4.5684,4.7628,4.5036,4.6332,5.0544,4.8924,4.5684,4.6332,4.2444,4.2768,4.5684,4.5036,4.698,4.536,4.7628,4.4712,4.4064,2.3976,4.698,4.4712,4.536,4.2444,4.4064,4.1796,4.4712,4.4388,4.1796,4.1796,4.374,3.8232,3.8556,3.8232,3.402,3.6612,3.8232,3.9204,3.7908,2.2032,3.8232,3.7908,3.9204,3.8556,3.3048,3.9204,2.268,3.726
1.0044,NaN,NaN,NaN,2.1708,NaN,NaN,1.0692,1.8468,NaN,NaN,NaN,NaN,NaN,NaN,NaN,NaN,0.81,1.134,1.3608,NaN,1.7496,NaN,NaN,NaN,NaN,0.81,NaN,NaN,NaN,NaN,NaN,NaN,0.8748,NaN,NaN,NaN,NaN,NaN,NaN,NaN,NaN,NaN,NaN,NaN,NaN,NaN,NaN,NaN,NaN
1.782,1.458,2.0412,1.6524,2.0736,1.3932,2.2032,3.1428,2.1708,2.0736,2.1384,0.81,1.7496,0.8748,1.7172,2.0412,NaN,2.7216,2.2356,1.5228,0.7776,0.972,0.9396,NaN,0.81,NaN,NaN,NaN,NaN,NaN,NaN,1.5552,NaN,NaN,1.3608,NaN,NaN,NaN,NaN,NaN,NaN,0.9072,NaN,1.9764,1.5876,NaN,NaN,1.0044,NaN,NaN
1.1016,NaN,NaN,NaN,NaN,1.3608,1.4256,1.5552,1.6848,2.3004,1.9116,2.0736,1.7496,1.7172,1.1988,0.7776,1.1664,NaN,NaN,0.7776,NaN,NaN,NaN,NaN,NaN,NaN,NaN,NaN,NaN,NaN,NaN,NaN,NaN,NaN,NaN,NaN,NaN,NaN,NaN,NaN,NaN,NaN,NaN,NaN,NaN,NaN,NaN,NaN,NaN,NaN
1.296,NaN,NaN,2.6244,NaN,NaN,NaN,2.1384,NaN,2.3976,NaN,1.5228,1.3932,NaN,NaN,NaN,NaN,4.1472,6.48,NaN,NaN,NaN,NaN,NaN,NaN,NaN,NaN,NaN,NaN,NaN,NaN,NaN,NaN,NaN,NaN,NaN,NaN,NaN,NaN,NaN,NaN,NaN,NaN,NaN,NaN,NaN,NaN,NaN,NaN,NaN
0.8748,0.81,NaN,2.43,2.0736,2.754,2.3328,2.8836,2.6568,2.6892,2.3328,1.62,1.1988,1.1664,1.5228,2.0736,2.592,2.43,2.6568,1.0692,2.3004,2.4948,1.1016,2.592,1.3284,2.0736,NaN,NaN,0.7776,NaN,NaN,NaN,NaN,NaN,NaN,NaN,NaN,NaN,NaN,NaN,NaN,NaN,NaN,NaN,NaN,NaN,1.1016,NaN,NaN,1.0044
1.3932,1.134,1.2312,1.134,1.296,1.3932,1.3932,1.7172,1.8468,1.2312,1.2636,1.4256,1.0692,1.0692,1.3284,1.4256,1.0692,1.3932,1.3932,1.0692,0.81,0.972,0.972,0.9072,0.9072,0.8748,0.7776,NaN,1.0044,NaN,NaN,NaN,NaN,0.81,NaN,NaN,NaN,NaN,NaN,NaN,NaN,NaN,NaN,NaN,NaN,NaN,NaN,NaN,NaN,NaN
0.972,0.7776,0.972,NaN,NaN,0.972,NaN,NaN,NaN,NaN,NaN,NaN,NaN,NaN,0.972,NaN,NaN,NaN,NaN,0.8424,NaN,NaN,NaN,NaN,NaN,NaN,NaN,NaN,NaN,NaN,NaN,NaN,NaN,NaN,NaN,NaN,NaN,NaN,NaN,NaN,NaN,NaN,NaN,NaN,NaN,NaN,NaN,NaN,NaN,NaN
1.1988,1.134,2.0736,NaN,NaN,NaN,NaN,NaN,NaN,NaN,NaN,NaN,NaN,NaN,NaN,NaN,NaN,NaN,NaN,NaN,NaN,NaN,NaN,NaN,NaN,NaN,NaN,NaN,NaN,NaN,NaN,NaN,NaN,NaN,NaN,NaN,NaN,NaN,NaN,NaN,NaN,NaN,NaN,NaN,NaN,NaN,NaN,NaN,NaN,NaN
1.5552,1.8468,1.3932,1.2312,1.1988,1.1988,1.296,1.1988,1.782,2.0088,1.5876,1.5552,1.458,1.1664,1.2312,1.3608,2.106,1.8468,1.4904,1.2312,1.3608,1.3932,1.7172,1.458,1.3932,1.1016,1.3608,1.2636,1.3608,2.0412,1.0692,1.62,1.296,1.7496,1.1016,1.0044,0.9072,1.5552,1.1664,1.2636,0.81,1.0368,1.5228,0.9072,1.4904,0.972,0.972,1.458,1.3284,0.9396
6.7716,6.9336,7.0632,5.994,6.156,6.966,6.8688,7.4196,7.3548,NaN,NaN,0.81,0.8424,NaN,NaN,NaN,NaN,NaN,NaN,NaN,NaN,NaN,NaN,NaN,NaN,NaN,NaN,NaN,NaN,NaN,NaN,NaN,NaN,NaN,NaN,NaN,NaN,NaN,NaN,NaN,NaN,NaN,NaN,NaN,NaN,NaN,NaN,NaN,NaN,NaN
2.592,2.6568,2.8512,2.6568,2.5272,2.3652,2.4624,2.7216,3.1104,3.1104,2.8512,2.7864,2.8188,2.7864,2.8836,2.9484,2.8836,2.8188,2.8512,2.7864,2.6244,2.754,2.8512,1.0368,NaN,NaN,NaN,NaN,NaN,2.592,2.5596,2.4948,NaN,NaN,NaN,NaN,NaN,NaN,NaN,2.6892,2.7864,NaN,NaN,2.9808,2.6244,2.3652,2.7864,2.7864,2.5596,2.6244
2.3976,2.2356,2.2356,0.9396,2.2032,2.1708,1.5228,2.1708,2.2032,2.3004,2.268,2.0412,2.2356,2.6568,2.5272,2.3976,2.106,NaN,1.296,NaN,NaN,2.0736,2.1708,1.944,2.3652,2.0088,1.6848,2.0088,1.3608,2.2032,1.5228,2.2032,1.2636,NaN,1.9116,1.8468,1.0692,1.944,2.0088,1.4904,1.9116,2.1384,2.0412,2.2356,1.1016,NaN,NaN,1.7496,2.0736,NaN
5.2488,3.3372,5.184,5.5404,4.86,5.5404,5.2812,5.5404,2.916,5.346,5.2812,NaN,NaN,NaN,NaN,2.592,NaN,NaN,NaN,NaN,NaN,NaN,NaN,NaN,NaN,NaN,NaN,NaN,NaN,NaN,NaN,NaN,NaN,NaN,NaN,NaN,NaN,NaN,NaN,NaN,NaN,NaN,NaN,NaN,NaN,NaN,NaN,NaN,NaN,NaN
1.7496,1.458,1.3932,NaN,NaN,NaN,NaN,NaN,NaN,NaN,NaN,NaN,NaN,NaN,NaN,NaN,NaN,NaN,NaN,NaN,NaN,NaN,NaN,NaN,NaN,NaN,NaN,NaN,NaN,NaN,NaN,NaN,NaN,NaN,NaN,NaN,NaN,NaN,NaN,NaN,NaN,NaN,NaN,NaN,NaN,NaN,NaN,NaN,NaN,NaN
2.916,NaN,NaN,NaN,NaN,NaN,NaN,NaN,NaN,NaN,4.1796,4.4064,4.536,4.536,4.3092,4.1472,NaN,NaN,NaN,NaN,4.5036,4.2444,NaN,4.2444,NaN,NaN,NaN,NaN,NaN,NaN,NaN,NaN,NaN,6.5772,NaN,NaN,NaN,0.8424,NaN,NaN,NaN,NaN,NaN,NaN,NaN,NaN,NaN,NaN,NaN,NaN
3.6936,1.8144,3.5316,4.4064,NaN,NaN,NaN,3.6936,3.888,3.3696,NaN,NaN,NaN,NaN,NaN,NaN,NaN,NaN,NaN,NaN,NaN,NaN,NaN,NaN,NaN,NaN,NaN,NaN,NaN,NaN,NaN,NaN,NaN,NaN,NaN,NaN,NaN,NaN,NaN,NaN,NaN,NaN,NaN,NaN,NaN,NaN,NaN,NaN,NaN,NaN
2.6892,NaN,NaN,NaN,NaN,NaN,NaN,NaN,NaN,NaN,1.458,1.7172,1.7172,1.2636,1.4904,1.2312,1.2636,NaN,NaN,NaN,NaN,0.81,NaN,1.0368,NaN,NaN,1.1664,1.782,1.1988,1.134,1.2312,1.62,1.2312,0.7776,1.1664,NaN,NaN,NaN,NaN,NaN,NaN,NaN,NaN,NaN,NaN,NaN,NaN,NaN,NaN,NaN
3.402,3.0456,3.4344,3.4344,2.9808,2.8512,2.916,2.8512,2.5596,2.4948,2.6568,2.7864,2.916,2.7216,2.8512,2.5596,2.7864,2.1708,2.4948,1.9116,1.8792,2.3976,1.944,1.1664,0.81,1.0044,NaN,0.7776,NaN,NaN,0.8748,0.8424,1.5228,NaN,NaN,NaN,0.9396,0.9396,NaN,0.9072,NaN,NaN,NaN,1.2312,1.3932,1.3932,1.134,1.1664,0.8424,NaN
5.346,5.346,5.1192,4.9248,4.8276,4.1148,4.4712,4.86,5.7348,5.832,5.2812,4.1472,4.8276,3.7584,2.8836,4.3416,4.86,4.6332,4.6332,4.6332,NaN,3.5316,2.8512,2.6568,2.9484,2.4624,0.81,2.0088,3.5316,NaN,NaN,NaN,NaN,4.86,5.022,4.7952,NaN,4.6332,NaN,NaN,1.0044,1.1016,NaN,NaN,NaN,NaN,NaN,NaN,NaN,NaN
1.62,1.7172,1.782,1.5876,1.62,1.9116,1.296,1.458,1.5228,0.9072,1.5876,1.3608,1.134,1.458,1.3608,1.3608,1.1664,1.296,1.0044,0.8424,1.0044,1.1664,0.7452,1.1016,1.0368,1.1988,1.1988,0.972,1.2312,0.8748,1.0044,1.1016,1.0044,NaN,0.8748,0.8424,0.9396,0.8748,0.8424,0.7452,0.8424,0.9072,0.7452,0.8748,0.7452,0.972,0.7776,NaN,NaN,NaN
1.8144,1.782,1.782,4.4388,2.1708,4.5684,3.564,1.9764,3.24,3.5316,1.4904,3.6288,3.4992,2.9808,3.5316,3.24,3.3372,3.402,3.4344,3.2724,3.24,3.402,3.6936,3.3048,3.1104,3.5316,3.2724,2.8188,3.078,3.3372,3.0456,3.6288,3.2724,3.3048,3.4344,3.3372,3.1428,3.24,2.8512,3.1428,3.1428,3.1752,2.7216,2.9808,2.3328,2.6568,2.7864,2.8836,NaN,NaN
8.748,2.916,2.43,2.7864,5.0544,2.4948,4.9248,8.1972,1.5876,5.1192,4.8924,5.022,5.022,4.7952,2.4948,5.184,2.6244,2.6244,3.3048,NaN,NaN,2.3976,NaN,2.3976,2.592,1.3608,NaN,2.0736,2.7864,NaN,NaN,NaN,1.5552,1.5552,NaN,1.4904,NaN,2.1384,1.3284,2.43,1.4256,1.6524,0.81,1.1664,1.458,1.296,1.6848,1.5228,1.7172,1.6848
0.972,0.9396,NaN,1.3284,1.0692,1.6848,1.2312,1.0044,1.134,1.1016,NaN,NaN,1.6848,NaN,NaN,NaN,NaN,1.4256,NaN,NaN,NaN,NaN,NaN,NaN,NaN,0.8748,NaN,NaN,NaN,NaN,NaN,NaN,NaN,NaN,NaN,NaN,NaN,NaN,NaN,NaN,NaN,NaN,NaN,NaN,NaN,NaN,NaN,NaN,NaN,NaN
3.7908,5.4108,4.2768,3.726,3.3048,3.7908,3.24,3.3048,4.536,3.6936,3.5964,5.4108,4.9896,NaN,NaN,NaN,1.9116,1.8144,3.6612,4.6656,3.8556,5.0544,4.3416,5.3136,5.0544,NaN,4.1148,NaN,3.7584,NaN,3.9528,5.3784,4.0176,NaN,NaN,3.3372,3.1428,2.8188,2.8836,3.4668,3.564,2.7216,3.3372,3.7908,3.1752,3.4344,3.9852,NaN,NaN,NaN
2.6892,3.2076,3.0132,2.5272,1.6848,1.2312,0.8748,0.9396,0.9072,NaN,NaN,3.2076,NaN,1.2312,2.9808,0.9396,1.0692,NaN,2.3976,NaN,NaN,NaN,1.1016,1.4256,NaN,NaN,NaN,NaN,NaN,NaN,NaN,NaN,1.0692,NaN,NaN,NaN,NaN,0.8748,NaN,1.2636,1.0368,NaN,NaN,NaN,0.8748,0.9072,NaN,0.8748,0.9072,0.8748
3.9528,4.6656,6.5448,5.2812,4.9896,2.592,2.3976,2.4948,2.6892,2.268,2.3976,2.6244,2.916,6.0912,6.48,1.9764,5.5728,1.9764,2.2356,2.1384,2.1708,4.212,6.9336,4.1472,3.9204,2.0412,1.8144,1.9116,1.62,1.8468,1.782,1.62,NaN,NaN,NaN,NaN,NaN,NaN,NaN,NaN,NaN,NaN,NaN,NaN,NaN,NaN,NaN,NaN,NaN,NaN
1.0692,NaN,NaN,NaN,NaN,NaN,NaN,NaN,NaN,NaN,1.0044,NaN,0.7776,1.2636,NaN,0.8424,NaN,NaN,NaN,1.5552,0.9072,NaN,NaN,NaN,NaN,NaN,NaN,NaN,NaN,0.9396,NaN,NaN,NaN,NaN,NaN,NaN,NaN,NaN,NaN,NaN,NaN,NaN,NaN,NaN,NaN,NaN,NaN,NaN,NaN,NaN
2.1384,1.6524,NaN,NaN,1.0044,2.0412,NaN,1.0368,NaN,NaN,NaN,0.9072,NaN,NaN,NaN,NaN,NaN,NaN,NaN,NaN,NaN,NaN,NaN,0.8748,NaN,0.81,NaN,NaN,NaN,NaN,NaN,NaN,NaN,NaN,NaN,NaN,NaN,NaN,NaN,NaN,NaN,NaN,NaN,NaN,NaN,NaN,NaN,NaN,NaN,NaN
1.3608,1.1664,1.3932,1.3284,1.1988,1.3932,1.2636,1.296,1.2312,1.1988,0.8748,1.2312,1.1016,1.1664,1.2312,0.8748,1.0368,1.2312,1.3932,1.4904,1.1016,1.2312,1.0044,0.9396,1.1988,0.8424,1.0692,1.2312,0.972,1.1016,1.1664,0.972,0.81,1.0368,0.9072,0.7452,0.8424,0.9072,0.8424,0.81,0.8748,NaN,NaN,NaN,NaN,NaN,NaN,NaN,NaN,NaN
1.296,NaN,1.1016,NaN,NaN,1.134,NaN,NaN,NaN,NaN,NaN,1.0692,NaN,1.3284,NaN,NaN,NaN,NaN,NaN,NaN,NaN,1.296,0.81,NaN,NaN,NaN,NaN,NaN,1.458,NaN,NaN,NaN,NaN,NaN,NaN,NaN,NaN,NaN,NaN,NaN,NaN,NaN,NaN,NaN,NaN,NaN,NaN,NaN,NaN,NaN
3.3372,3.402,4.5684,1.7172,3.402,3.5316,2.6568,1.8144,1.8144,1.6848,1.458,NaN,NaN,1.9764,1.5552,2.4948,NaN,1.1664,NaN,NaN,NaN,NaN,2.3652,2.3004,NaN,NaN,NaN,NaN,NaN,NaN,NaN,NaN,NaN,NaN,NaN,NaN,NaN,NaN,NaN,NaN,NaN,NaN,NaN,NaN,NaN,NaN,NaN,NaN,NaN,NaN
3.1428,3.1104,5.0868,3.4668,3.2724,6.7068,3.6936,3.0132,5.4432,4.5684,3.0456,3.8556,4.05,4.0824,4.6008,3.888,4.6008,2.8512,4.9248,6.2856,1.9764,4.1472,3.3048,4.0176,NaN,NaN,NaN,NaN,3.8556,2.8836,2.5596,4.5036,4.536,4.9896,5.6376,1.3932,2.8512,NaN,3.3372,5.3784,NaN,NaN,0.7452,NaN,NaN,NaN,NaN,NaN,0.7776,NaN
2.4624,1.0692,NaN,NaN,NaN,NaN,NaN,NaN,NaN,NaN,0.8424,NaN,NaN,NaN,NaN,NaN,NaN,NaN,NaN,NaN,1.5228,NaN,NaN,1.7172,NaN,0.9396,0.81,NaN,NaN,NaN,NaN,NaN,0.7776,NaN,NaN,1.0368,1.1016,1.0368,1.6848,1.3608,1.134,1.134,0.8748,1.5876,1.62,NaN,1.0044,1.0368,1.1016,NaN
1.3608,1.1016,NaN,1.5876,1.62,NaN,1.3608,1.3608,NaN,NaN,1.134,1.5876,NaN,1.8792,NaN,NaN,1.62,1.62,NaN,NaN,2.3976,NaN,1.134,NaN,1.7496,NaN,1.296,1.8468,NaN,NaN,NaN,NaN,NaN,NaN,NaN,NaN,NaN,2.1708,NaN,NaN,NaN,0.9396,1.134,1.134,2.0088,0.972,1.2636,1.3608,NaN,1.0692
3.6288,3.24,3.564,NaN,3.1752,4.1796,3.8556,NaN,NaN,NaN,NaN,NaN,NaN,NaN,NaN,NaN,NaN,NaN,NaN,NaN,NaN,NaN,NaN,NaN,NaN,NaN,NaN,NaN,NaN,NaN,NaN,NaN,NaN,NaN,NaN,NaN,NaN,NaN,NaN,NaN,NaN,NaN,NaN,NaN,NaN,NaN,NaN,NaN,NaN,NaN
4.4712,NaN,NaN,2.9808,2.916,3.4344,2.9484,NaN,3.3696,NaN,1.8792,4.86,3.5316,2.2356,NaN,3.24,NaN,4.3416,NaN,1.3608,3.9528,NaN,2.6892,NaN,NaN,NaN,1.7172,NaN,1.8792,NaN,NaN,3.4992,1.9116,0.7776,NaN,NaN,NaN,NaN,1.8468,NaN,2.2356,NaN,NaN,NaN,NaN,NaN,NaN,NaN,NaN,NaN
2.0736,1.8792,1.5876,NaN,1.782,NaN,1.458,1.7496,NaN,NaN,NaN,NaN,NaN,NaN,4.698,NaN,7.2576,2.9484,3.7908,NaN,2.8512,NaN,NaN,2.916,NaN,2.6244,NaN,2.8188,3.0132,NaN,3.2724,2.6568,2.7216,2.6244,2.9484,NaN,2.6568,6.2856,5.5728,2.7864,3.7584,3.7908,NaN,NaN,5.994,4.4064,3.888,2.3976,1.782,2.6892
1.296,1.2312,0.81,NaN,NaN,NaN,NaN,NaN,NaN,NaN,NaN,NaN,NaN,NaN,NaN,NaN,NaN,NaN,NaN,0.7452,NaN,NaN,0.7776,0.7452,1.0368,NaN,NaN,NaN,NaN,NaN,NaN,NaN,NaN,NaN,NaN,NaN,NaN,NaN,NaN,NaN,NaN,NaN,NaN,NaN,NaN,NaN,NaN,NaN,NaN,NaN
0.972,1.1016,0.81,NaN,NaN,0.8424,0.7776,0.9396,1.0368,NaN,0.7776,1.0368,NaN,0.7776,NaN,NaN,NaN,NaN,0.81,0.7776,0.7776,NaN,NaN,NaN,NaN,NaN,NaN,NaN,NaN,NaN,NaN,NaN,NaN,NaN,NaN,NaN,NaN,NaN,NaN,NaN,NaN,NaN,NaN,NaN,NaN,NaN,NaN,NaN,NaN,NaN
3.3372,NaN,1.8144,3.3372,3.6288,4.0824,1.9764,NaN,3.9528,NaN,NaN,2.2032,3.3696,2.9484,NaN,1.8468,NaN,1.782,2.106,1.1664,1.3932,NaN,2.3652,NaN,2.106,1.6848,2.268,NaN,1.9116,2.4624,NaN,2.4948,3.2724,2.4948,1.9116,1.7496,NaN,NaN,2.1708,1.4904,1.8792,NaN,1.5552,1.8144,1.8144,1.458,1.296,2.0412,1.0692,0.9396
1.9764,1.296,1.296,NaN,NaN,0.8424,NaN,NaN,1.0692,1.2312,1.0044,0.7452,NaN,1.3284,NaN,0.8424,0.9396,1.1016,0.7776,0.81,NaN,NaN,NaN,NaN,NaN,NaN,NaN,NaN,NaN,NaN,NaN,NaN,NaN,NaN,NaN,NaN,NaN,NaN,NaN,NaN,NaN,NaN,NaN,NaN,NaN,NaN,NaN,NaN,NaN,NaN
0.8424,1.0692,1.2312,NaN,2.0412,4.05,1.3608,1.4256,NaN,1.3284,0.8424,1.1016,0.7776,NaN,NaN,1.3608,NaN,1.3608,0.972,1.0692,0.7452,NaN,NaN,1.3608,0.9396,NaN,NaN,1.0368,NaN,1.296,NaN,1.1016,NaN,NaN,1.0692,1.1664,1.1664,NaN,NaN,0.81,NaN,NaN,NaN,NaN,NaN,NaN,NaN,1.134,0.8748,0.9396
0.7452,1.4904,1.6848,1.8144,1.4256,1.6848,1.5228,0.9072,0.9072,1.9116,1.3284,1.3932,0.8748,0.8424,1.4904,NaN,1.5876,NaN,0.7776,1.458,1.1664,1.4904,NaN,NaN,1.1016,1.296,NaN,1.2312,NaN,0.7452,NaN,NaN,1.1664,NaN,NaN,NaN,NaN,NaN,NaN,NaN,NaN,NaN,NaN,NaN,NaN,NaN,NaN,NaN,NaN,NaN
5.5404,4.1472,5.2488,5.2164,5.2164,5.3136,3.888,5.4108,5.346,5.0868,4.8924,4.698,4.0824,4.6332,4.6008,4.4388,4.7952,4.3092,4.4712,4.1148,4.1148,4.1472,4.1472,3.8556,4.2444,3.9204,3.9852,3.9852,3.726,4.05,3.9528,NaN,NaN,NaN,NaN,NaN,NaN,NaN,NaN,NaN,NaN,NaN,NaN,NaN,NaN,NaN,NaN,NaN,NaN,NaN
1.458,0.9396,1.0044,1.62,0.7452,1.0368,0.8748,0.9072,1.5228,1.3284,1.1988,2.754,1.134,NaN,NaN,NaN,NaN,NaN,NaN,NaN,NaN,NaN,NaN,NaN,NaN,NaN,NaN,NaN,NaN,NaN,NaN,NaN,NaN,NaN,NaN,NaN,NaN,NaN,NaN,NaN,NaN,NaN,NaN,NaN,NaN,NaN,NaN,NaN,NaN,NaN
1.7496,1.8468,0.9396,1.0044,1.134,1.458,1.2312,1.62,1.9116,1.1988,NaN,0.7452,1.0044,0.8748,0.8748,1.0692,1.296,NaN,NaN,NaN,NaN,NaN,0.81,NaN,NaN,NaN,NaN,NaN,NaN,0.9396,0.7776,0.9396,1.0368,NaN,NaN,NaN,NaN,NaN,NaN,NaN,NaN,NaN,NaN,NaN,NaN,NaN,NaN,NaN,NaN,NaN
2.5272,2.3652,2.43,2.2032,2.3328,2.0736,2.1384,4.1472,2.268,2.4948,2.1708,2.1384,2.0736,2.106,2.106,1.8144,2.0736,2.0736,2.0736,1.9764,1.9764,3.564,3.5316,2.106,2.2032,2.2032,2.0412,2.1384,2.0088,2.43,1.9764,2.1384,2.106,2.0088,1.7496,1.9764,2.1708,2.0412,1.782,2.9808,3.24,1.5552,1.1988,1.5552,1.62,0.9396,1.2312,1.0692,NaN,0.8424
1.7496,1.8468,NaN,NaN,NaN,1.134,1.134,1.2636,NaN,1.0044,NaN,0.7452,NaN,NaN,NaN,0.7776,0.9072,NaN,NaN,0.7452,0.9072,NaN,0.8424,0.8748,0.8424,NaN,NaN,0.9396,0.7776,NaN,NaN,NaN,NaN,NaN,NaN,NaN,NaN,NaN,NaN,NaN,NaN,NaN,NaN,NaN,NaN,NaN,NaN,NaN,NaN,NaN
1.0692,1.1988,1.0368,1.1664,1.1988,1.1664,1.134,1.0044,1.2636,1.3284,1.0044,NaN,1.2312,2.6244,0.7452,NaN,NaN,NaN,NaN,NaN,NaN,NaN,NaN,NaN,NaN,NaN,NaN,NaN,NaN,NaN,NaN,NaN,NaN,NaN,NaN,NaN,NaN,NaN,NaN,NaN,NaN,NaN,NaN,NaN,NaN,NaN,NaN,NaN,NaN,NaN
NaN,1.0368,2.2356,1.0044,NaN,NaN,1.3284,0.7452,0.7452,NaN,1.0692,0.7776,NaN,NaN,NaN,NaN,NaN,NaN,2.3328,NaN,1.134,NaN,NaN,NaN,NaN,0.7452,0.9396,1.0692,1.1988,NaN,NaN,NaN,NaN,NaN,NaN,NaN,1.0368,1.1988,0.9072,1.1988,NaN,NaN,NaN,NaN,NaN,1.2636,0.9072,0.9072,NaN,NaN
NaN,0.8424,0.8424,0.9396,NaN,0.7776,NaN,0.9072,0.8748,0.8424,NaN,0.7776,0.7776,NaN,0.7776,0.7776,0.8424,NaN,0.81,0.7452,NaN,NaN,0.81,NaN,0.9396,0.972,NaN,NaN,0.7776,NaN,NaN,NaN,NaN,NaN,NaN,NaN,NaN,NaN,NaN,NaN,NaN,NaN,NaN,NaN,NaN,NaN,NaN,NaN,NaN,NaN
NaN,1.0044,1.0044,NaN,NaN,NaN,0.7452,NaN,NaN,1.0044,1.62,1.0368,NaN,NaN,0.8748,1.4904,NaN,1.0692,0.7452,NaN,1.0044,NaN,NaN,NaN,1.782,NaN,NaN,0.9396,1.1016,1.4256,0.8424,0.7452,0.8424,NaN,0.8424,NaN,NaN,1.3608,0.7452,NaN,0.81,NaN,NaN,NaN,NaN,NaN,NaN,NaN,NaN,NaN
NaN,0.7776,NaN,NaN,NaN,NaN,NaN,NaN,1.0692,NaN,NaN,NaN,NaN,NaN,NaN,NaN,NaN,NaN,NaN,NaN,NaN,NaN,NaN,NaN,NaN,NaN,NaN,NaN,NaN,NaN,NaN,NaN,NaN,NaN,NaN,NaN,NaN,NaN,NaN,NaN,NaN,NaN,NaN,NaN,NaN,NaN,NaN,NaN,NaN,NaN
NaN,5.6376,3.3372,NaN,5.1516,5.4432,3.4344,5.2488,NaN,NaN,2.0088,NaN,2.3004,NaN,NaN,NaN,1.3608,NaN,NaN,NaN,NaN,0.7452,NaN,NaN,NaN,NaN,NaN,NaN,NaN,NaN,2.0736,NaN,NaN,NaN,2.4624,1.8144,NaN,NaN,NaN,NaN,NaN,0.7776,1.9764,0.8424,NaN,2.2032,NaN,NaN,NaN,NaN
NaN,0.8748,NaN,1.2312,NaN,NaN,NaN,NaN,NaN,NaN,NaN,0.81,0.7452,NaN,NaN,NaN,2.5596,NaN,NaN,NaN,2.7216,2.592,NaN,NaN,2.2032,NaN,NaN,NaN,NaN,NaN,NaN,NaN,NaN,NaN,NaN,NaN,NaN,NaN,NaN,1.9764,1.9764,1.134,NaN,NaN,NaN,NaN,NaN,NaN,NaN,1.296
NaN,5.184,6.5772,NaN,6.4476,5.4108,3.4992,NaN,NaN,3.078,4.6656,NaN,NaN,NaN,NaN,NaN,NaN,NaN,NaN,NaN,NaN,2.7864,NaN,NaN,NaN,2.754,NaN,NaN,NaN,3.2724,2.5272,NaN,3.5316,2.1708,NaN,2.6892,NaN,NaN,2.3328,2.5596,0.7452,NaN,NaN,NaN,NaN,NaN,NaN,NaN,NaN,NaN
NaN,1.134,2.268,3.2076,2.0088,NaN,1.296,NaN,1.9116,NaN,0.8424,1.1016,1.62,NaN,3.888,2.2032,1.5228,1.0368,0.9072,1.0044,1.4256,1.0044,NaN,NaN,1.8144,0.9396,0.8748,NaN,NaN,NaN,NaN,NaN,NaN,0.7776,NaN,NaN,NaN,NaN,NaN,NaN,NaN,NaN,NaN,NaN,NaN,NaN,NaN,NaN,NaN,NaN
NaN,4.3416,NaN,4.698,NaN,4.9248,NaN,NaN,NaN,1.8468,1.1016,1.4904,NaN,0.972,1.296,NaN,NaN,NaN,NaN,NaN,NaN,NaN,NaN,2.4624,2.43,3.3696,NaN,2.8836,3.5964,2.8836,2.592,1.6848,2.3976,1.6848,1.4904,1.3932,1.944,0.9396,1.0368,1.3932,1.5228,2.3976,2.3004,1.458,1.8792,1.2312,2.0736,2.3328,1.134,1.0368
NaN,1.1016,2.3328,1.2636,2.3004,1.6524,NaN,1.0044,NaN,NaN,0.81,NaN,0.8424,3.1104,NaN,1.1988,0.7452,NaN,NaN,2.2032,1.9116,3.078,1.6848,1.4904,1.5876,0.8424,1.5228,1.2312,1.6848,NaN,1.4904,1.6848,1.3284,1.3284,1.5876,1.62,1.8792,1.9764,1.1664,2.0088,1.782,1.2636,1.62,1.5876,1.4904,1.6524,0.9072,1.5228,1.6848,1.8468
NaN,0.8748,NaN,NaN,NaN,NaN,NaN,NaN,2.106,NaN,0.8748,NaN,NaN,NaN,NaN,NaN,NaN,NaN,NaN,NaN,NaN,NaN,NaN,NaN,NaN,NaN,NaN,1.3932,NaN,1.5552,NaN,NaN,NaN,0.8748,1.3932,NaN,NaN,NaN,NaN,NaN,NaN,NaN,NaN,NaN,NaN,NaN,NaN,NaN,0.81,NaN
NaN,0.8424,NaN,NaN,NaN,NaN,NaN,NaN,NaN,NaN,NaN,0.9072,NaN,1.134,1.5552,1.3284,1.5876,1.458,2.0412,1.5876,0.7776,1.3932,NaN,NaN,1.1016,1.3932,NaN,NaN,NaN,NaN,NaN,NaN,NaN,NaN,NaN,NaN,1.458,0.81,NaN,0.7452,NaN,NaN,NaN,NaN,1.296,NaN,NaN,NaN,NaN,NaN
NaN,1.1016,0.8424,NaN,1.0368,0.7776,NaN,NaN,1.3284,1.0044,NaN,1.0044,1.1016,0.81,0.9396,NaN,0.7452,NaN,NaN,NaN,NaN,NaN,1.3932,1.296,NaN,1.296,0.7452,0.8424,1.4256,1.7496,0.81,1.4256,0.81,NaN,1.3284,1.3608,NaN,1.3932,NaN,1.296,NaN,0.8748,1.1664,1.0692,1.3284,NaN,0.972,1.1988,1.3284,1.2636
NaN,5.994,5.6052,6.1236,5.9616,6.1884,5.5404,5.4756,6.1884,6.1236,NaN,NaN,NaN,NaN,NaN,NaN,4.7628,5.9292,6.1236,5.8968,NaN,NaN,5.8968,NaN,5.0868,5.5404,3.9204,4.3416,4.5036,4.374,4.6656,4.374,4.5684,NaN,4.1796,4.212,4.2444,3.2076,4.5036,3.888,7.1928,5.346,5.67,4.7304,5.2488,5.2164,4.212,5.8968,5.2812,5.4756
NaN,1.5228,NaN,NaN,1.9764,1.296,1.5876,NaN,NaN,NaN,NaN,0.81,NaN,NaN,0.8424,0.9396,NaN,NaN,NaN,NaN,NaN,NaN,NaN,NaN,NaN,NaN,NaN,NaN,NaN,NaN,NaN,NaN,NaN,NaN,NaN,NaN,NaN,NaN,NaN,NaN,NaN,NaN,NaN,NaN,NaN,NaN,NaN,NaN,NaN,NaN
NaN,2.5596,2.8836,3.24,3.1104,2.592,2.8836,NaN,2.3328,3.0132,2.5596,2.3976,2.4624,2.3004,2.3328,2.3652,2.5272,1.4256,3.1752,NaN,1.2312,0.972,NaN,NaN,NaN,NaN,NaN,NaN,NaN,NaN,NaN,NaN,NaN,NaN,NaN,NaN,NaN,NaN,NaN,NaN,NaN,NaN,NaN,NaN,NaN,NaN,NaN,NaN,NaN,NaN
NaN,2.3004,2.106,2.4624,NaN,1.944,NaN,NaN,2.8188,NaN,NaN,NaN,NaN,NaN,NaN,NaN,NaN,NaN,2.0088,NaN,NaN,NaN,NaN,2.4948,2.268,NaN,NaN,2.3976,2.2356,NaN,NaN,NaN,NaN,1.62,NaN,NaN,NaN,2.3976,NaN,1.8468,1.8144,1.944,1.134,1.2636,1.5552,2.2032,1.3284,0.7776,1.3608,1.134
NaN,1.134,0.9072,1.1016,NaN,NaN,0.7452,NaN,NaN,NaN,NaN,1.6848,NaN,NaN,NaN,NaN,0.8424,NaN,1.1016,NaN,NaN,0.7452,0.7776,NaN,NaN,NaN,1.5876,NaN,NaN,NaN,NaN,0.8424,0.9396,NaN,NaN,NaN,NaN,NaN,NaN,NaN,NaN,NaN,NaN,NaN,NaN,NaN,NaN,NaN,NaN,NaN
NaN,7.938,5.8968,NaN,NaN,NaN,1.296,7.2576,NaN,7.9056,4.212,NaN,NaN,NaN,4.7628,NaN,6.156,NaN,2.6568,NaN,NaN,1.4256,NaN,NaN,NaN,NaN,NaN,4.1148,NaN,NaN,4.4064,NaN,NaN,NaN,NaN,NaN,4.86,5.8968,NaN,NaN,NaN,4.4712,NaN,NaN,NaN,NaN,NaN,NaN,NaN,NaN
NaN,NaN,3.3372,1.2312,NaN,2.916,NaN,NaN,NaN,4.536,NaN,NaN,NaN,5.184,NaN,2.8188,NaN,NaN,1.6524,1.9116,1.1988,1.0692,1.3608,1.2636,2.3004,0.8748,1.1016,0.9396,NaN,1.0044,2.0412,2.1708,1.5552,0.972,NaN,NaN,NaN,1.1664,1.458,NaN,NaN,1.6848,3.078,NaN,NaN,1.8144,NaN,NaN,1.782,NaN
NaN,NaN,1.5228,NaN,NaN,NaN,4.4064,3.5964,NaN,NaN,NaN,1.3284,NaN,NaN,NaN,1.5876,1.2636,1.134,1.2312,1.134,1.1016,1.2636,1.2312,1.3284,1.3608,1.2312,1.1988,NaN,NaN,NaN,1.3284,1.134,NaN,NaN,NaN,NaN,NaN,NaN,NaN,1.296,NaN,NaN,NaN,NaN,1.3608,1.0368,NaN,NaN,NaN,1.134
NaN,NaN,2.3004,1.5228,NaN,2.9808,NaN,NaN,NaN,NaN,NaN,NaN,9.2664,NaN,NaN,4.7628,NaN,6.7716,NaN,NaN,0.9072,NaN,1.4904,NaN,NaN,NaN,NaN,NaN,NaN,NaN,NaN,NaN,NaN,NaN,1.458,NaN,5.0868,NaN,1.1016,NaN,NaN,1.458,NaN,NaN,NaN,1.1664,NaN,NaN,NaN,NaN
NaN,NaN,1.782,NaN,NaN,NaN,NaN,NaN,NaN,NaN,NaN,NaN,NaN,NaN,NaN,NaN,NaN,NaN,1.0368,NaN,NaN,0.8748,0.972,NaN,NaN,NaN,NaN,NaN,NaN,NaN,NaN,NaN,NaN,NaN,NaN,NaN,NaN,NaN,NaN,NaN,1.2636,0.9072,NaN,NaN,NaN,NaN,1.1016,0.8748,NaN,NaN
NaN,NaN,0.9396,NaN,NaN,NaN,NaN,NaN,NaN,0.9072,NaN,NaN,NaN,NaN,NaN,0.8748,NaN,NaN,NaN,NaN,NaN,NaN,NaN,0.81,NaN,NaN,NaN,NaN,NaN,NaN,NaN,NaN,NaN,NaN,NaN,NaN,NaN,NaN,NaN,NaN,NaN,NaN,NaN,NaN,NaN,NaN,NaN,NaN,NaN,NaN
NaN,NaN,2.592,1.944,1.62,4.0824,3.9204,NaN,NaN,NaN,NaN,NaN,NaN,NaN,NaN,NaN,4.1796,4.0176,4.374,4.5684,NaN,2.106,NaN,NaN,1.458,1.6848,1.5552,1.4904,1.5228,NaN,1.1664,NaN,1.2312,1.3284,1.6848,1.296,NaN,1.3932,0.7776,1.944,NaN,NaN,NaN,NaN,0.81,0.81,1.1016,1.0044,1.0044,NaN
NaN,NaN,2.4948,2.3004,NaN,NaN,1.1988,NaN,0.9072,NaN,NaN,NaN,NaN,NaN,NaN,NaN,NaN,NaN,NaN,NaN,NaN,NaN,NaN,NaN,0.8424,NaN,NaN,NaN,NaN,NaN,NaN,NaN,NaN,NaN,NaN,NaN,NaN,NaN,NaN,NaN,NaN,NaN,NaN,NaN,NaN,NaN,NaN,NaN,NaN,NaN
NaN,NaN,1.7172,NaN,0.9396,NaN,NaN,NaN,NaN,NaN,NaN,2.592,2.6568,2.3976,2.8836,NaN,NaN,NaN,NaN,NaN,NaN,NaN,2.268,NaN,NaN,2.5272,NaN,NaN,NaN,NaN,NaN,2.3652,2.0088,NaN,2.5596,2.0736,NaN,NaN,1.944,2.1708,NaN,NaN,NaN,NaN,NaN,NaN,NaN,NaN,2.3004,NaN
NaN,NaN,2.592,NaN,NaN,NaN,2.0412,NaN,NaN,NaN,0.7452,1.4256,2.43,NaN,NaN,NaN,1.7496,NaN,NaN,2.106,NaN,NaN,NaN,NaN,NaN,NaN,NaN,NaN,0.7776,NaN,NaN,0.8424,0.9396,NaN,NaN,1.1016,NaN,NaN,NaN,NaN,NaN,NaN,NaN,NaN,NaN,NaN,NaN,NaN,NaN,NaN
NaN,NaN,5.8644,NaN,2.0736,NaN,5.8968,2.9484,NaN,NaN,NaN,NaN,NaN,NaN,NaN,NaN,NaN,NaN,NaN,NaN,NaN,NaN,NaN,NaN,NaN,NaN,NaN,NaN,NaN,NaN,NaN,NaN,NaN,NaN,NaN,NaN,NaN,NaN,NaN,NaN,NaN,NaN,NaN,NaN,NaN,NaN,NaN,NaN,NaN,NaN
NaN,NaN,12.4416,13.2516,13.3812,15.8112,13.446,NaN,NaN,NaN,10.1088,12.0528,9.2988,NaN,NaN,NaN,NaN,NaN,NaN,10.692,12.8304,NaN,NaN,NaN,6.804,NaN,NaN,11.5668,NaN,NaN,10.53,10.9512,NaN,10.2708,10.0764,6.48,7.8408,NaN,NaN,8.8776,9.9468,6.3504,NaN,NaN,6.4476,10.4004,9.1368,6.2856,NaN,NaN
NaN,NaN,2.3976,2.6892,NaN,NaN,NaN,NaN,NaN,NaN,NaN,NaN,NaN,NaN,NaN,NaN,NaN,NaN,NaN,NaN,NaN,NaN,NaN,NaN,NaN,NaN,NaN,NaN,NaN,NaN,NaN,NaN,NaN,NaN,NaN,NaN,NaN,NaN,NaN,NaN,NaN,NaN,NaN,NaN,NaN,NaN,NaN,NaN,NaN,NaN
NaN,NaN,NaN,0.9072,NaN,NaN,NaN,NaN,4.7304,NaN,0.8424,5.1192,NaN,NaN,NaN,NaN,4.8276,NaN,NaN,NaN,NaN,1.0368,NaN,NaN,NaN,1.3284,1.1988,1.0692,NaN,NaN,NaN,NaN,NaN,NaN,NaN,NaN,NaN,NaN,NaN,NaN,NaN,NaN,NaN,NaN,NaN,NaN,NaN,NaN,NaN,NaN
NaN,NaN,NaN,2.9808,2.592,NaN,2.6244,NaN,NaN,3.726,NaN,NaN,NaN,NaN,NaN,NaN,NaN,NaN,NaN,NaN,NaN,NaN,NaN,NaN,NaN,NaN,NaN,NaN,NaN,NaN,NaN,NaN,NaN,NaN,NaN,NaN,NaN,NaN,NaN,NaN,NaN,NaN,NaN,NaN,NaN,NaN,NaN,NaN,NaN,NaN
NaN,NaN,NaN,3.3048,1.5552,NaN,NaN,NaN,NaN,3.1752,NaN,NaN,NaN,3.726,NaN,NaN,NaN,NaN,3.2076,3.24,2.0412,3.5316,2.5272,3.0456,NaN,2.5596,2.754,2.754,2.7864,NaN,2.8188,NaN,NaN,2.9484,1.5552,NaN,NaN,NaN,1.9764,1.4904,NaN,1.7496,NaN,NaN,NaN,1.8792,NaN,NaN,NaN,NaN
NaN,NaN,NaN,0.7452,NaN,NaN,NaN,0.9396,NaN,NaN,NaN,NaN,NaN,NaN,NaN,NaN,NaN,NaN,NaN,NaN,NaN,NaN,NaN,NaN,NaN,NaN,NaN,NaN,NaN,NaN,NaN,NaN,NaN,NaN,NaN,NaN,NaN,NaN,NaN,NaN,NaN,NaN,NaN,NaN,NaN,NaN,NaN,NaN,NaN,NaN
NaN,NaN,NaN,3.4668,NaN,2.8836,NaN,NaN,NaN,0.7776,NaN,NaN,NaN,NaN,NaN,NaN,NaN,NaN,NaN,0.7452,NaN,1.1016,NaN,1.134,NaN,NaN,1.4904,NaN,NaN,NaN,NaN,0.972,1.5552,NaN,NaN,0.7452,NaN,NaN,NaN,NaN,NaN,NaN,NaN,NaN,NaN,NaN,NaN,NaN,NaN,NaN
NaN,NaN,NaN,0.972,NaN,NaN,NaN,NaN,1.0692,1.0368,1.0368,NaN,0.972,NaN,0.9396,NaN,NaN,0.8424,NaN,NaN,0.8424,1.1016,NaN,2.106,0.9072,0.9396,0.81,NaN,NaN,0.9072,NaN,NaN,0.7776,0.7776,1.0368,1.1664,1.0692,0.9396,NaN,1.134,0.9396,NaN,NaN,NaN,NaN,NaN,NaN,NaN,NaN,NaN
NaN,NaN,NaN,0.972,NaN,1.62,0.9072,1.5552,1.1664,1.5552,NaN,NaN,NaN,1.782,2.43,1.2312,NaN,1.1664,NaN,NaN,NaN,NaN,1.1988,NaN,0.8424,NaN,NaN,1.5876,0.7452,NaN,NaN,NaN,NaN,NaN,NaN,NaN,NaN,NaN,NaN,NaN,NaN,NaN,NaN,NaN,NaN,NaN,NaN,NaN,NaN,NaN
NaN,NaN,NaN,1.0368,NaN,NaN,0.8748,0.7776,1.7496,1.944,NaN,1.3608,NaN,NaN,NaN,NaN,NaN,NaN,0.8424,NaN,NaN,NaN,NaN,NaN,NaN,NaN,NaN,NaN,NaN,NaN,NaN,NaN,NaN,NaN,NaN,NaN,NaN,NaN,NaN,NaN,NaN,NaN,NaN,NaN,NaN,NaN,NaN,NaN,NaN,NaN
NaN,NaN,NaN,7.6464,NaN,NaN,NaN,NaN,7.614,6.2208,5.6052,6.156,6.0588,7.0308,NaN,5.022,NaN,NaN,NaN,5.3784,NaN,5.6376,NaN,NaN,4.698,NaN,NaN,NaN,NaN,5.2488,NaN,NaN,NaN,NaN,NaN,5.2812,NaN,NaN,NaN,NaN,NaN,NaN,5.0544,NaN,NaN,NaN,NaN,NaN,1.5552,NaN
NaN,NaN,NaN,NaN,0.7452,NaN,0.81,0.9396,1.5228,NaN,NaN,0.9396,NaN,NaN,1.134,0.81,1.4904,1.1988,1.0368,NaN,NaN,NaN,NaN,NaN,NaN,NaN,NaN,NaN,NaN,NaN,NaN,NaN,NaN,NaN,NaN,NaN,NaN,NaN,NaN,NaN,NaN,NaN,NaN,NaN,NaN,NaN,NaN,NaN,NaN,NaN
NaN,NaN,NaN,NaN,2.916,3.402,2.6568,NaN,NaN,NaN,NaN,NaN,3.7908,3.4344,3.888,3.402,2.2356,2.5272,3.6936,4.5036,3.078,3.1104,3.3696,3.5316,3.402,3.3696,2.8836,3.24,3.4344,5.8644,3.1752,5.3136,3.1752,4.3416,3.4668,3.0132,3.8232,3.3696,3.888,3.0132,3.4344,3.4344,NaN,NaN,3.3696,1.458,NaN,2.1708,1.8144,1.62
NaN,NaN,NaN,NaN,1.2312,1.2312,1.0692,0.8748,1.3932,1.3284,1.9116,0.7776,NaN,NaN,NaN,0.972,NaN,NaN,0.9072,NaN,1.2312,0.81,NaN,0.7776,NaN,NaN,0.9396,NaN,NaN,NaN,NaN,NaN,1.6524,1.1016,1.1988,1.5552,1.1016,1.0692,1.4256,1.3284,NaN,1.134,1.5552,NaN,NaN,NaN,NaN,NaN,NaN,NaN
NaN,NaN,NaN,NaN,4.3092,NaN,6.5772,NaN,NaN,NaN,8.9748,2.916,NaN,3.1104,NaN,NaN,NaN,NaN,NaN,9.7524,NaN,NaN,NaN,NaN,NaN,NaN,NaN,NaN,9.7524,NaN,NaN,NaN,NaN,7.3872,NaN,NaN,NaN,NaN,NaN,NaN,NaN,NaN,9.072,NaN,NaN,NaN,NaN,NaN,NaN,NaN
NaN,NaN,NaN,NaN,8.4564,NaN,NaN,NaN,20.8332,NaN,NaN,12.636,NaN,NaN,NaN,NaN,NaN,NaN,NaN,NaN,NaN,6.1236,5.832,NaN,4.7304,NaN,NaN,NaN,NaN,NaN,NaN,NaN,NaN,NaN,NaN,NaN,9.1368,NaN,3.726,2.2356,NaN,5.3784,NaN,NaN,2.4624,NaN,NaN,6.3504,NaN,NaN
NaN,NaN,NaN,NaN,0.9396,NaN,NaN,NaN,NaN,NaN,NaN,NaN,NaN,NaN,NaN,NaN,NaN,0.8424,NaN,NaN,NaN,NaN,NaN,NaN,NaN,NaN,NaN,NaN,NaN,NaN,NaN,NaN,NaN,NaN,NaN,NaN,NaN,NaN,NaN,NaN,NaN,NaN,NaN,NaN,NaN,NaN,NaN,NaN,NaN,NaN
NaN,NaN,NaN,NaN,1.5876,1.6524,1.2636,1.8468,1.296,1.62,1.62,NaN,NaN,NaN,NaN,NaN,NaN,NaN,NaN,NaN,NaN,NaN,NaN,NaN,NaN,NaN,NaN,NaN,NaN,NaN,NaN,NaN,NaN,NaN,NaN,NaN,NaN,NaN,NaN,NaN,NaN,NaN,NaN,NaN,NaN,NaN,NaN,NaN,NaN,NaN
NaN,NaN,NaN,NaN,1.3284,1.5552,1.5228,NaN,NaN,NaN,1.9116,1.8468,1.6524,1.782,2.2356,1.6848,1.782,1.7172,1.6848,2.6244,1.6524,1.62,2.8836,1.3608,1.3932,1.8144,1.6848,1.7172,1.5876,1.5876,1.7496,1.8792,1.6848,1.62,1.6524,1.8468,2.3328,2.2356,2.268,3.0456,1.8144,2.1384,1.8792,2.916,1.62,1.62,1.3932,2.8512,1.4904,1.782
NaN,NaN,NaN,NaN,0.9396,NaN,0.9396,1.5552,0.8424,1.8468,1.4256,NaN,1.7172,NaN,1.7172,1.6848,NaN,1.6848,1.5228,NaN,1.3284,1.6848,1.8468,1.3608,NaN,NaN,NaN,1.782,1.8144,NaN,0.9396,1.4904,1.2636,NaN,NaN,NaN,1.2636,1.4904,NaN,NaN,NaN,NaN,NaN,NaN,0.8424,0.8748,NaN,0.8424,NaN,NaN
NaN,NaN,NaN,NaN,NaN,0.7452,NaN,0.7776,NaN,NaN,NaN,NaN,NaN,0.8424,NaN,NaN,NaN,0.7452,NaN,NaN,NaN,NaN,NaN,NaN,NaN,NaN,NaN,NaN,NaN,NaN,NaN,NaN,NaN,NaN,NaN,NaN,NaN,NaN,NaN,NaN,NaN,NaN,NaN,NaN,NaN,NaN,NaN,NaN,NaN,NaN
NaN,NaN,NaN,NaN,NaN,0.7776,2.1384,2.1384,NaN,NaN,2.8188,NaN,NaN,NaN,1.2312,NaN,1.944,2.5272,0.9072,1.2636,1.296,1.5876,0.8748,1.1016,1.8468,NaN,1.4904,0.9072,NaN,1.458,0.8424,NaN,NaN,2.3328,NaN,NaN,1.5876,NaN,NaN,NaN,0.7776,NaN,1.6848,0.8424,NaN,1.1988,1.8468,NaN,NaN,NaN
NaN,NaN,NaN,NaN,NaN,1.0368,1.296,NaN,1.5552,1.134,NaN,NaN,1.3284,NaN,NaN,NaN,NaN,NaN,NaN,NaN,NaN,NaN,NaN,NaN,NaN,NaN,NaN,NaN,NaN,NaN,NaN,NaN,NaN,NaN,NaN,NaN,NaN,NaN,NaN,NaN,NaN,NaN,NaN,NaN,NaN,NaN,NaN,NaN,NaN,NaN
NaN,NaN,NaN,NaN,NaN,1.1988,2.0736,1.9116,1.944,2.106,1.9116,2.2032,1.8792,NaN,NaN,2.2356,NaN,2.3004,2.3004,2.2356,1.8144,NaN,NaN,NaN,NaN,NaN,NaN,NaN,NaN,NaN,NaN,NaN,NaN,NaN,NaN,NaN,NaN,NaN,NaN,NaN,NaN,NaN,NaN,NaN,NaN,NaN,NaN,NaN,NaN,NaN
NaN,NaN,NaN,NaN,NaN,NaN,7.1928,7.0308,6.9012,NaN,7.3872,7.938,NaN,NaN,8.3592,NaN,8.1,NaN,1.296,NaN,0.7452,NaN,NaN,NaN,NaN,NaN,NaN,NaN,0.81,NaN,NaN,NaN,NaN,1.3608,NaN,NaN,NaN,NaN,NaN,NaN,NaN,NaN,NaN,NaN,NaN,NaN,NaN,NaN,NaN,NaN
NaN,NaN,NaN,NaN,NaN,NaN,0.9396,NaN,NaN,NaN,NaN,NaN,NaN,NaN,NaN,NaN,NaN,NaN,NaN,NaN,1.2636,1.4256,1.5876,NaN,0.8748,NaN,1.4256,NaN,NaN,NaN,NaN,NaN,NaN,NaN,NaN,NaN,NaN,NaN,NaN,NaN,NaN,NaN,NaN,NaN,NaN,NaN,NaN,NaN,NaN,NaN
NaN,NaN,NaN,NaN,NaN,NaN,0.7452,NaN,NaN,NaN,NaN,NaN,0.7776,NaN,NaN,NaN,NaN,NaN,NaN,NaN,NaN,NaN,NaN,NaN,NaN,NaN,NaN,1.3608,1.1016,NaN,1.1664,1.0368,1.1988,1.0368,NaN,NaN,NaN,NaN,NaN,1.0692,0.7776,NaN,0.7452,0.7452,NaN,NaN,NaN,NaN,NaN,NaN
NaN,NaN,NaN,NaN,NaN,NaN,1.1016,1.3284,2.0412,1.6848,NaN,1.6848,NaN,0.8424,NaN,NaN,NaN,NaN,NaN,NaN,NaN,NaN,NaN,NaN,NaN,NaN,NaN,1.3284,0.9396,NaN,NaN,1.1016,0.7452,1.3284,NaN,0.9072,NaN,NaN,NaN,NaN,NaN,NaN,NaN,NaN,NaN,NaN,NaN,NaN,NaN,NaN
NaN,NaN,NaN,NaN,NaN,NaN,0.81,0.9072,1.0368,1.2312,NaN,0.9072,1.1988,0.7452,NaN,NaN,NaN,NaN,NaN,NaN,NaN,NaN,NaN,NaN,NaN,NaN,NaN,NaN,NaN,NaN,NaN,NaN,NaN,NaN,NaN,NaN,NaN,NaN,NaN,NaN,NaN,NaN,NaN,NaN,NaN,NaN,NaN,NaN,NaN,NaN
NaN,NaN,NaN,NaN,NaN,NaN,13.2516,NaN,NaN,NaN,10.1088,NaN,NaN,NaN,2.3328,NaN,NaN,NaN,NaN,NaN,NaN,NaN,NaN,NaN,0.9072,NaN,1.3932,NaN,NaN,NaN,NaN,NaN,NaN,3.0132,NaN,NaN,NaN,NaN,2.43,NaN,NaN,NaN,NaN,1.9764,NaN,NaN,0.7776,NaN,NaN,NaN
NaN,NaN,NaN,NaN,NaN,NaN,1.0692,0.9072,1.2636,NaN,NaN,NaN,NaN,NaN,NaN,NaN,NaN,1.3932,NaN,NaN,1.134,0.7776,0.8748,NaN,0.9396,NaN,NaN,NaN,NaN,0.972,NaN,NaN,NaN,NaN,NaN,NaN,NaN,NaN,NaN,NaN,NaN,NaN,NaN,NaN,NaN,NaN,NaN,NaN,NaN,NaN
NaN,NaN,NaN,NaN,NaN,NaN,NaN,0.8424,1.8792,NaN,0.8748,NaN,1.0692,NaN,NaN,0.9396,1.2636,1.0692,1.1988,0.9072,1.0044,NaN,NaN,NaN,NaN,NaN,0.8424,1.0044,1.6524,1.1664,NaN,NaN,NaN,1.134,NaN,NaN,NaN,NaN,NaN,NaN,NaN,NaN,NaN,NaN,NaN,NaN,NaN,NaN,NaN,NaN
NaN,NaN,NaN,NaN,NaN,NaN,NaN,5.5404,2.1384,2.3976,2.2032,NaN,2.3652,2.3652,2.2032,2.106,1.9764,NaN,NaN,NaN,NaN,1.7496,NaN,1.8144,1.7496,NaN,2.6244,1.8792,2.0736,1.782,2.0412,NaN,2.106,1.8144,1.8144,2.1708,1.7496,1.6848,2.0088,NaN,NaN,NaN,NaN,2.0088,1.9764,2.4948,NaN,NaN,NaN,NaN
NaN,NaN,NaN,NaN,NaN,NaN,NaN,3.888,3.4668,3.5316,0.81,1.296,1.3284,NaN,2.8188,3.3048,NaN,NaN,NaN,NaN,NaN,NaN,NaN,NaN,NaN,NaN,NaN,NaN,NaN,NaN,NaN,NaN,NaN,NaN,NaN,NaN,NaN,NaN,NaN,NaN,NaN,NaN,NaN,NaN,NaN,NaN,NaN,NaN,NaN,NaN
NaN,NaN,NaN,NaN,NaN,NaN,NaN,1.1016,1.296,0.7776,NaN,NaN,NaN,NaN,NaN,NaN,0.972,NaN,NaN,NaN,NaN,NaN,NaN,NaN,NaN,NaN,NaN,NaN,NaN,NaN,NaN,NaN,NaN,NaN,NaN,NaN,NaN,NaN,NaN,NaN,NaN,NaN,NaN,NaN,NaN,NaN,NaN,NaN,NaN,NaN
NaN,NaN,NaN,NaN,NaN,NaN,NaN,4.5684,NaN,NaN,NaN,NaN,2.9808,NaN,NaN,NaN,NaN,NaN,NaN,NaN,NaN,NaN,3.6288,3.6612,2.6892,NaN,2.1708,NaN,NaN,NaN,NaN,NaN,NaN,1.0692,NaN,NaN,1.458,1.3608,NaN,NaN,1.7172,NaN,NaN,NaN,2.4948,2.4624,2.2356,2.4948,1.458,2.7216
NaN,NaN,NaN,NaN,NaN,NaN,NaN,0.7776,0.81,NaN,NaN,NaN,NaN,NaN,0.972,NaN,NaN,NaN,NaN,NaN,NaN,NaN,NaN,NaN,NaN,NaN,NaN,NaN,NaN,NaN,NaN,NaN,NaN,NaN,NaN,NaN,NaN,NaN,NaN,NaN,NaN,NaN,NaN,NaN,NaN,NaN,NaN,NaN,NaN,NaN
NaN,NaN,NaN,NaN,NaN,NaN,NaN,1.134,0.81,NaN,0.8424,NaN,1.4256,NaN,NaN,0.7452,NaN,2.2356,NaN,0.972,NaN,1.782,NaN,NaN,NaN,0.7776,0.7452,NaN,NaN,NaN,0.81,NaN,NaN,1.1016,NaN,0.8424,NaN,NaN,NaN,0.81,NaN,NaN,NaN,NaN,NaN,NaN,0.7452,NaN,NaN,NaN
NaN,NaN,NaN,NaN,NaN,NaN,NaN,3.9204,NaN,NaN,NaN,NaN,NaN,NaN,1.9764,NaN,NaN,2.2032,1.9764,NaN,1.8792,NaN,2.4624,1.9116,NaN,1.8468,1.6524,1.3932,1.458,NaN,1.3608,1.296,1.5876,NaN,NaN,NaN,NaN,NaN,NaN,1.7172,2.0736,1.5552,NaN,1.944,NaN,NaN,1.296,1.62,NaN,1.2636
NaN,NaN,NaN,NaN,NaN,NaN,NaN,NaN,0.81,NaN,NaN,0.9072,NaN,0.9396,0.8748,0.81,1.0044,0.7452,NaN,0.9396,NaN,NaN,1.134,NaN,0.9396,0.7776,0.7452,NaN,NaN,NaN,NaN,NaN,NaN,NaN,NaN,NaN,NaN,NaN,NaN,NaN,NaN,NaN,NaN,NaN,NaN,NaN,NaN,NaN,NaN,NaN
NaN,NaN,NaN,NaN,NaN,NaN,NaN,NaN,1.0044,NaN,NaN,NaN,NaN,NaN,NaN,NaN,NaN,1.3608,NaN,NaN,NaN,2.43,NaN,NaN,NaN,NaN,NaN,NaN,1.3284,NaN,NaN,1.0044,NaN,0.9072,NaN,NaN,2.5272,4.7952,4.6332,1.3932,1.62,NaN,NaN,NaN,NaN,NaN,NaN,NaN,NaN,NaN
NaN,NaN,NaN,NaN,NaN,NaN,NaN,NaN,3.6288,1.2312,1.2312,NaN,2.6892,1.1988,2.0736,3.5964,2.4624,NaN,NaN,NaN,NaN,NaN,NaN,NaN,1.1988,NaN,NaN,NaN,NaN,NaN,NaN,NaN,NaN,NaN,NaN,0.8748,NaN,NaN,NaN,NaN,NaN,0.9072,0.81,NaN,NaN,NaN,NaN,NaN,0.81,0.7452
NaN,NaN,NaN,NaN,NaN,NaN,NaN,NaN,2.8512,NaN,NaN,5.1516,3.6936,5.1516,5.0544,NaN,5.4756,2.6244,2.43,2.8188,4.9248,5.2488,5.3784,5.3784,4.1472,5.0868,2.3328,5.3136,4.7628,5.0544,4.7952,3.9852,3.9852,4.8924,4.0824,1.6524,3.564,3.888,NaN,NaN,NaN,3.4992,3.6936,2.0412,3.8556,NaN,NaN,NaN,3.7908,3.6612
NaN,NaN,NaN,NaN,NaN,NaN,NaN,NaN,NaN,4.6332,NaN,NaN,NaN,NaN,NaN,NaN,2.9484,3.6936,4.5036,3.9528,1.62,2.9484,2.4624,4.3416,2.3652,NaN,1.8792,1.62,1.9116,1.3932,2.7864,0.8748,NaN,NaN,0.972,NaN,NaN,NaN,NaN,NaN,NaN,NaN,NaN,NaN,NaN,NaN,NaN,NaN,NaN,NaN
NaN,NaN,NaN,NaN,NaN,NaN,NaN,NaN,NaN,1.4904,NaN,NaN,0.9396,NaN,0.8424,NaN,NaN,NaN,0.8424,0.8424,1.4256,0.8424,0.7776,1.458,0.8424,NaN,1.4904,1.2636,3.0132,0.7776,0.81,1.3608,1.3284,NaN,NaN,1.5552,0.7452,NaN,NaN,NaN,NaN,NaN,NaN,NaN,NaN,NaN,NaN,NaN,NaN,NaN
NaN,NaN,NaN,NaN,NaN,NaN,NaN,NaN,NaN,3.8556,NaN,NaN,NaN,2.3004,1.3932,NaN,1.6524,NaN,NaN,NaN,NaN,NaN,NaN,NaN,NaN,NaN,NaN,1.3608,NaN,NaN,NaN,NaN,NaN,NaN,NaN,NaN,NaN,NaN,NaN,NaN,NaN,NaN,NaN,NaN,NaN,NaN,NaN,NaN,NaN,NaN
NaN,NaN,NaN,NaN,NaN,NaN,NaN,NaN,NaN,2.3976,2.6892,9.2664,2.7864,NaN,NaN,NaN,NaN,NaN,NaN,9.6228,NaN,2.268,NaN,4.5036,3.2076,5.7024,5.022,8.3268,NaN,5.8644,NaN,NaN,5.4432,4.374,NaN,NaN,4.7628,4.374,4.4064,3.5964,3.9528,NaN,NaN,NaN,4.86,NaN,4.5036,4.7628,4.4712,4.0176
NaN,NaN,NaN,NaN,NaN,NaN,NaN,NaN,NaN,1.2312,1.1988,1.1988,1.7172,1.3608,1.6848,1.1988,NaN,NaN,NaN,NaN,0.7776,NaN,NaN,NaN,0.7452,NaN,NaN,NaN,NaN,0.972,NaN,0.81,1.1664,NaN,NaN,NaN,1.134,NaN,NaN,NaN,NaN,NaN,NaN,NaN,NaN,NaN,NaN,NaN,NaN,NaN
NaN,NaN,NaN,NaN,NaN,NaN,NaN,NaN,NaN,3.9528,3.1752,3.1104,3.2724,3.1104,NaN,NaN,4.2444,NaN,NaN,NaN,NaN,NaN,NaN,NaN,NaN,NaN,NaN,NaN,3.8232,4.1148,3.4344,NaN,NaN,4.0824,3.9852,3.7584,4.2768,3.9204,3.9852,4.2444,NaN,4.1796,4.9896,4.1796,3.9528,4.0824,NaN,4.4064,5.6052,4.698
NaN,NaN,NaN,NaN,NaN,NaN,NaN,NaN,NaN,2.5596,2.268,2.3328,2.3004,2.106,NaN,NaN,2.3976,NaN,NaN,NaN,NaN,2.2032,NaN,2.268,1.62,1.2636,NaN,NaN,1.458,1.4904,2.0412,NaN,NaN,2.6244,1.2312,1.62,1.458,1.2312,2.43,2.4624,NaN,1.5552,1.8468,2.6892,0.8424,1.5876,NaN,2.106,NaN,1.5876
NaN,NaN,NaN,NaN,NaN,NaN,NaN,NaN,NaN,0.7776,NaN,0.9396,0.7776,0.8424,0.8424,0.9396,0.9072,NaN,NaN,NaN,0.81,0.7452,NaN,NaN,NaN,NaN,NaN,NaN,NaN,NaN,0.7452,0.972,NaN,NaN,NaN,NaN,NaN,NaN,NaN,NaN,NaN,NaN,NaN,NaN,NaN,NaN,NaN,NaN,NaN,NaN
NaN,NaN,NaN,NaN,NaN,NaN,NaN,NaN,NaN,NaN,2.6244,2.9484,NaN,NaN,NaN,NaN,NaN,NaN,NaN,NaN,NaN,NaN,NaN,NaN,3.9204,4.1796,1.2636,5.2812,NaN,2.6892,2.754,NaN,2.3976,NaN,NaN,NaN,3.2076,3.6288,2.7864,2.7216,3.6936,3.3372,3.4992,3.0456,2.8188,2.3004,NaN,NaN,7.5168,3.3696
NaN,NaN,NaN,NaN,NaN,NaN,NaN,NaN,NaN,NaN,2.3976,2.1384,2.1384,NaN,NaN,NaN,2.9808,0.7776,NaN,0.8424,1.1016,0.7452,2.106,2.3976,1.9116,1.5876,2.0736,2.0412,2.3004,NaN,NaN,NaN,NaN,2.1384,NaN,NaN,NaN,0.8748,NaN,NaN,0.9072,NaN,NaN,NaN,NaN,NaN,NaN,NaN,NaN,NaN
NaN,NaN,NaN,NaN,NaN,NaN,NaN,NaN,NaN,NaN,0.8748,1.1016,NaN,0.7776,1.3284,NaN,0.9396,NaN,NaN,1.5228,2.0412,1.6848,1.0368,NaN,NaN,NaN,NaN,2.916,NaN,NaN,NaN,NaN,NaN,NaN,NaN,NaN,NaN,NaN,NaN,NaN,NaN,NaN,NaN,NaN,NaN,NaN,NaN,NaN,NaN,NaN
NaN,NaN,NaN,NaN,NaN,NaN,NaN,NaN,NaN,NaN,NaN,6.9012,NaN,NaN,NaN,NaN,NaN,NaN,NaN,NaN,NaN,NaN,NaN,NaN,NaN,4.1472,NaN,NaN,NaN,NaN,NaN,NaN,NaN,NaN,1.4904,0.972,0.7452,NaN,NaN,NaN,1.2636,NaN,NaN,NaN,NaN,NaN,NaN,NaN,NaN,NaN
NaN,NaN,NaN,NaN,NaN,NaN,NaN,NaN,NaN,NaN,NaN,8.424,NaN,NaN,NaN,NaN,NaN,NaN,NaN,NaN,4.3416,NaN,NaN,NaN,NaN,NaN,NaN,NaN,NaN,NaN,NaN,NaN,NaN,NaN,NaN,NaN,NaN,NaN,NaN,NaN,NaN,NaN,NaN,NaN,NaN,NaN,NaN,NaN,NaN,NaN
NaN,NaN,NaN,NaN,NaN,NaN,NaN,NaN,NaN,NaN,NaN,1.2636,1.1016,1.1016,1.3284,1.2312,1.2312,1.3608,1.2312,1.1016,1.0044,1.1988,1.4904,1.1988,1.134,1.2312,1.1016,1.1016,1.0044,1.1016,1.0368,0.9396,0.9396,1.1016,0.7776,0.9396,0.972,0.8748,0.7452,0.8748,0.972,0.81,0.7452,0.972,0.7452,0.8424,NaN,0.9072,0.81,0.8748
NaN,NaN,NaN,NaN,NaN,NaN,NaN,NaN,NaN,NaN,NaN,1.296,NaN,1.0368,NaN,2.1384,NaN,NaN,NaN,NaN,NaN,NaN,NaN,NaN,NaN,NaN,NaN,NaN,NaN,NaN,NaN,NaN,NaN,NaN,2.0736,NaN,2.268,NaN,NaN,NaN,1.9764,2.2356,NaN,NaN,NaN,NaN,NaN,NaN,NaN,NaN
NaN,NaN,NaN,NaN,NaN,NaN,NaN,NaN,NaN,NaN,NaN,NaN,0.9072,2.2032,NaN,NaN,NaN,NaN,NaN,NaN,NaN,NaN,NaN,NaN,NaN,NaN,NaN,NaN,NaN,NaN,NaN,NaN,NaN,NaN,NaN,NaN,NaN,NaN,NaN,NaN,NaN,NaN,NaN,NaN,NaN,NaN,NaN,NaN,NaN,NaN
NaN,NaN,NaN,NaN,NaN,NaN,NaN,NaN,NaN,NaN,NaN,NaN,2.1384,NaN,NaN,NaN,NaN,NaN,NaN,NaN,NaN,0.81,NaN,NaN,NaN,NaN,NaN,NaN,NaN,NaN,NaN,NaN,NaN,NaN,NaN,NaN,NaN,NaN,NaN,NaN,NaN,NaN,NaN,NaN,NaN,NaN,NaN,NaN,NaN,NaN
NaN,NaN,NaN,NaN,NaN,NaN,NaN,NaN,NaN,NaN,NaN,NaN,14.4504,NaN,NaN,NaN,20.8656,NaN,NaN,NaN,NaN,NaN,NaN,9.7848,NaN,NaN,6.5448,NaN,NaN,NaN,8.5536,NaN,10.0116,3.6288,1.3608,NaN,NaN,NaN,NaN,NaN,4.536,NaN,NaN,NaN,NaN,1.782,4.05,NaN,NaN,NaN
NaN,NaN,NaN,NaN,NaN,NaN,NaN,NaN,NaN,NaN,NaN,NaN,1.5228,NaN,NaN,2.268,NaN,2.592,2.5272,2.3328,NaN,NaN,NaN,NaN,NaN,NaN,2.5272,NaN,NaN,NaN,NaN,NaN,NaN,NaN,NaN,3.078,NaN,NaN,4.8276,5.0544,4.7952,NaN,NaN,2.7216,NaN,4.6332,4.86,4.9896,NaN,NaN
NaN,NaN,NaN,NaN,NaN,NaN,NaN,NaN,NaN,NaN,NaN,NaN,NaN,2.0412,NaN,NaN,NaN,NaN,NaN,NaN,3.078,2.7216,3.726,NaN,NaN,NaN,NaN,NaN,NaN,NaN,NaN,NaN,NaN,NaN,NaN,NaN,NaN,NaN,1.3932,2.2032,NaN,2.8836,NaN,NaN,3.3372,NaN,2.7216,NaN,NaN,3.4344
NaN,NaN,NaN,NaN,NaN,NaN,NaN,NaN,NaN,NaN,NaN,NaN,NaN,10.0764,NaN,NaN,NaN,NaN,NaN,5.7024,6.318,NaN,NaN,NaN,NaN,6.0588,NaN,NaN,4.6008,NaN,NaN,NaN,NaN,NaN,5.5728,NaN,NaN,NaN,NaN,NaN,NaN,NaN,4.2444,NaN,NaN,1.782,NaN,NaN,NaN,4.7304
NaN,NaN,NaN,NaN,NaN,NaN,NaN,NaN,NaN,NaN,NaN,NaN,NaN,0.972,0.7452,NaN,NaN,NaN,NaN,NaN,NaN,NaN,NaN,NaN,NaN,NaN,NaN,NaN,NaN,NaN,NaN,NaN,NaN,NaN,NaN,NaN,NaN,NaN,NaN,NaN,NaN,NaN,NaN,NaN,NaN,NaN,NaN,NaN,NaN,NaN
NaN,NaN,NaN,NaN,NaN,NaN,NaN,NaN,NaN,NaN,NaN,NaN,NaN,1.1664,1.134,NaN,NaN,NaN,NaN,NaN,1.7172,NaN,NaN,NaN,NaN,NaN,NaN,NaN,NaN,NaN,NaN,NaN,NaN,NaN,NaN,NaN,1.296,NaN,0.8424,NaN,NaN,NaN,NaN,NaN,NaN,NaN,NaN,NaN,NaN,NaN
NaN,NaN,NaN,NaN,NaN,NaN,NaN,NaN,NaN,NaN,NaN,NaN,NaN,2.6244,2.5272,2.6568,3.0456,2.7216,NaN,NaN,NaN,NaN,NaN,NaN,NaN,NaN,NaN,NaN,NaN,NaN,NaN,NaN,NaN,NaN,NaN,NaN,NaN,NaN,NaN,NaN,NaN,NaN,NaN,NaN,NaN,NaN,NaN,NaN,NaN,NaN
NaN,NaN,NaN,NaN,NaN,NaN,NaN,NaN,NaN,NaN,NaN,NaN,NaN,1.3284,2.2356,1.5552,NaN,NaN,NaN,NaN,NaN,NaN,NaN,NaN,NaN,5.67,NaN,5.3784,NaN,5.7024,NaN,NaN,NaN,4.7952,3.4992,NaN,NaN,NaN,NaN,NaN,NaN,NaN,NaN,NaN,NaN,NaN,NaN,NaN,NaN,NaN
NaN,NaN,NaN,NaN,NaN,NaN,NaN,NaN,NaN,NaN,NaN,NaN,NaN,1.0692,0.972,NaN,NaN,NaN,0.8748,1.4904,NaN,2.0736,1.3608,NaN,1.0044,0.9072,0.8748,1.4256,1.296,1.0692,NaN,NaN,1.1016,NaN,NaN,NaN,NaN,NaN,NaN,0.9396,NaN,NaN,NaN,NaN,NaN,NaN,NaN,NaN,NaN,NaN
NaN,NaN,NaN,NaN,NaN,NaN,NaN,NaN,NaN,NaN,NaN,NaN,NaN,NaN,0.8424,1.2312,2.5272,NaN,1.4904,1.4904,NaN,1.0044,NaN,1.0044,0.8424,0.972,0.972,1.0692,1.0368,1.0368,1.1988,1.2636,NaN,1.134,0.9072,0.8748,1.458,0.7452,0.8424,1.1016,1.0692,0.9072,1.3932,1.134,1.7172,1.62,1.2636,1.5876,1.5552,1.5552
NaN,NaN,NaN,NaN,NaN,NaN,NaN,NaN,NaN,NaN,NaN,NaN,NaN,NaN,3.3048,NaN,NaN,NaN,NaN,NaN,1.7496,NaN,4.0824,NaN,NaN,NaN,NaN,NaN,NaN,NaN,NaN,NaN,NaN,NaN,NaN,NaN,NaN,NaN,NaN,NaN,NaN,NaN,NaN,NaN,NaN,NaN,NaN,NaN,NaN,NaN
NaN,NaN,NaN,NaN,NaN,NaN,NaN,NaN,NaN,NaN,NaN,NaN,NaN,NaN,6.2532,6.5772,NaN,NaN,7.9056,NaN,6.9984,3.888,7.0632,3.888,4.2444,3.6612,6.4152,5.8968,NaN,NaN,NaN,6.1884,6.6096,NaN,NaN,NaN,NaN,NaN,NaN,NaN,5.832,NaN,NaN,NaN,NaN,NaN,6.318,NaN,NaN,NaN
NaN,NaN,NaN,NaN,NaN,NaN,NaN,NaN,NaN,NaN,NaN,NaN,NaN,NaN,1.0368,1.0368,0.972,NaN,NaN,NaN,NaN,NaN,NaN,NaN,NaN,NaN,NaN,NaN,NaN,NaN,NaN,NaN,NaN,NaN,NaN,NaN,NaN,NaN,NaN,NaN,NaN,NaN,NaN,NaN,NaN,NaN,NaN,NaN,NaN,NaN
NaN,NaN,NaN,NaN,NaN,NaN,NaN,NaN,NaN,NaN,NaN,NaN,NaN,NaN,0.8424,NaN,0.7776,NaN,1.134,0.8424,NaN,NaN,0.81,NaN,NaN,NaN,NaN,NaN,NaN,NaN,0.8748,NaN,NaN,NaN,NaN,NaN,NaN,NaN,NaN,NaN,NaN,NaN,NaN,NaN,0.81,NaN,NaN,NaN,NaN,NaN
NaN,NaN,NaN,NaN,NaN,NaN,NaN,NaN,NaN,NaN,NaN,NaN,NaN,NaN,NaN,0.8748,NaN,NaN,NaN,1.3608,NaN,NaN,NaN,NaN,NaN,NaN,NaN,NaN,0.7776,NaN,NaN,NaN,NaN,NaN,NaN,NaN,NaN,NaN,0.81,1.134,1.1016,0.81,0.972,NaN,NaN,NaN,NaN,NaN,NaN,NaN
NaN,NaN,NaN,NaN,NaN,NaN,NaN,NaN,NaN,NaN,NaN,NaN,NaN,NaN,NaN,1.3608,1.296,NaN,1.0044,1.0368,NaN,NaN,NaN,0.7776,NaN,NaN,NaN,NaN,NaN,NaN,NaN,NaN,NaN,NaN,NaN,NaN,NaN,NaN,NaN,NaN,NaN,NaN,NaN,NaN,NaN,NaN,NaN,NaN,NaN,NaN
NaN,NaN,NaN,NaN,NaN,NaN,NaN,NaN,NaN,NaN,NaN,NaN,NaN,NaN,NaN,2.6892,NaN,1.7172,NaN,NaN,2.2356,1.944,2.1384,2.8188,2.6244,NaN,NaN,NaN,NaN,2.592,2.1384,NaN,NaN,NaN,NaN,NaN,NaN,NaN,NaN,NaN,NaN,NaN,NaN,NaN,2.0736,2.2356,NaN,1.9116,NaN,NaN
NaN,NaN,NaN,NaN,NaN,NaN,NaN,NaN,NaN,NaN,NaN,NaN,NaN,NaN,NaN,0.7776,NaN,NaN,NaN,NaN,1.1016,NaN,NaN,NaN,NaN,NaN,NaN,NaN,NaN,NaN,NaN,NaN,NaN,NaN,NaN,NaN,NaN,NaN,NaN,NaN,NaN,NaN,NaN,NaN,NaN,NaN,NaN,NaN,NaN,NaN
NaN,NaN,NaN,NaN,NaN,NaN,NaN,NaN,NaN,NaN,NaN,NaN,NaN,NaN,NaN,0.9072,NaN,NaN,NaN,NaN,NaN,NaN,NaN,NaN,NaN,NaN,NaN,NaN,NaN,NaN,1.0368,NaN,NaN,1.5228,0.7776,NaN,NaN,NaN,NaN,NaN,NaN,NaN,NaN,NaN,NaN,NaN,NaN,NaN,NaN,NaN
NaN,NaN,NaN,NaN,NaN,NaN,NaN,NaN,NaN,NaN,NaN,NaN,NaN,NaN,NaN,NaN,1.4904,0.8424,NaN,1.6524,0.972,0.9396,0.8424,NaN,NaN,NaN,NaN,NaN,NaN,NaN,NaN,NaN,NaN,NaN,NaN,NaN,NaN,NaN,0.7452,NaN,NaN,NaN,NaN,NaN,NaN,NaN,NaN,NaN,NaN,NaN
NaN,NaN,NaN,NaN,NaN,NaN,NaN,NaN,NaN,NaN,NaN,NaN,NaN,NaN,NaN,NaN,1.3284,1.5552,1.782,NaN,1.3932,1.5876,1.7172,1.3608,1.5876,1.6524,1.6524,1.7172,1.458,1.5228,1.4904,2.2032,1.1988,1.134,1.782,1.4256,1.1016,1.6524,1.2312,1.3284,0.8748,0.9396,1.0692,1.0044,0.8748,0.972,1.1016,1.0692,1.134,1.1664
NaN,NaN,NaN,NaN,NaN,NaN,NaN,NaN,NaN,NaN,NaN,NaN,NaN,NaN,NaN,NaN,6.6744,NaN,4.698,5.832,NaN,NaN,NaN,5.2488,NaN,NaN,NaN,NaN,NaN,NaN,NaN,NaN,1.0044,NaN,NaN,3.0132,NaN,NaN,NaN,3.1752,NaN,3.4992,NaN,NaN,NaN,1.5876,2.1708,2.5596,6.9012,5.4432
NaN,NaN,NaN,NaN,NaN,NaN,NaN,NaN,NaN,NaN,NaN,NaN,NaN,NaN,NaN,NaN,NaN,0.81,NaN,NaN,0.8424,NaN,NaN,NaN,NaN,NaN,NaN,NaN,NaN,NaN,1.2312,NaN,NaN,NaN,NaN,NaN,NaN,NaN,NaN,NaN,NaN,NaN,NaN,NaN,0.9396,NaN,NaN,NaN,NaN,NaN
NaN,NaN,NaN,NaN,NaN,NaN,NaN,NaN,NaN,NaN,NaN,NaN,NaN,NaN,NaN,NaN,NaN,0.8424,NaN,NaN,0.81,NaN,NaN,1.3932,NaN,NaN,NaN,NaN,NaN,NaN,NaN,NaN,NaN,NaN,NaN,NaN,NaN,NaN,NaN,NaN,NaN,NaN,NaN,NaN,NaN,NaN,NaN,NaN,NaN,NaN
NaN,NaN,NaN,NaN,NaN,NaN,NaN,NaN,NaN,NaN,NaN,NaN,NaN,NaN,NaN,NaN,NaN,8.6184,NaN,9.234,NaN,NaN,NaN,NaN,NaN,NaN,NaN,NaN,NaN,NaN,NaN,NaN,NaN,NaN,0.7776,NaN,NaN,1.2312,NaN,NaN,NaN,NaN,NaN,NaN,NaN,NaN,NaN,NaN,NaN,NaN
NaN,NaN,NaN,NaN,NaN,NaN,NaN,NaN,NaN,NaN,NaN,NaN,NaN,NaN,NaN,NaN,NaN,NaN,4.4388,7.938,NaN,NaN,3.4992,NaN,NaN,2.8836,NaN,NaN,NaN,NaN,NaN,2.0412,NaN,NaN,NaN,NaN,NaN,NaN,NaN,1.9116,1.4256,2.8836,2.6568,NaN,NaN,NaN,1.944,1.8144,1.7496,2.106
NaN,NaN,NaN,NaN,NaN,NaN,NaN,NaN,NaN,NaN,NaN,NaN,NaN,NaN,NaN,NaN,NaN,NaN,15.8112,NaN,NaN,NaN,NaN,NaN,4.4388,3.4668,NaN,NaN,NaN,NaN,NaN,NaN,NaN,NaN,NaN,NaN,NaN,15.3576,0.8748,NaN,NaN,NaN,NaN,NaN,NaN,NaN,NaN,NaN,NaN,NaN
NaN,NaN,NaN,NaN,NaN,NaN,NaN,NaN,NaN,NaN,NaN,NaN,NaN,NaN,NaN,NaN,NaN,NaN,0.972,1.9116,1.8144,1.2312,NaN,NaN,NaN,NaN,NaN,0.7776,0.8424,0.9396,NaN,0.7776,NaN,NaN,1.0044,NaN,NaN,0.8424,NaN,NaN,NaN,NaN,NaN,NaN,NaN,NaN,NaN,0.8424,0.972,NaN
NaN,NaN,NaN,NaN,NaN,NaN,NaN,NaN,NaN,NaN,NaN,NaN,NaN,NaN,NaN,NaN,NaN,NaN,NaN,0.8424,1.1016,1.0044,NaN,NaN,NaN,NaN,NaN,0.7452,NaN,NaN,NaN,NaN,NaN,NaN,NaN,NaN,NaN,NaN,NaN,0.8748,1.8144,NaN,NaN,NaN,1.9764,NaN,NaN,1.458,1.62,1.7172
NaN,NaN,NaN,NaN,NaN,NaN,NaN,NaN,NaN,NaN,NaN,NaN,NaN,NaN,NaN,NaN,NaN,NaN,NaN,3.726,3.9528,4.1796,NaN,4.1472,2.9808,3.564,3.402,3.3696,NaN,NaN,NaN,NaN,NaN,3.1428,3.078,NaN,NaN,3.3372,NaN,NaN,NaN,NaN,NaN,NaN,NaN,NaN,NaN,NaN,NaN,NaN
NaN,NaN,NaN,NaN,NaN,NaN,NaN,NaN,NaN,NaN,NaN,NaN,NaN,NaN,NaN,NaN,NaN,NaN,NaN,1.3932,0.81,0.972,0.972,NaN,0.9072,1.5228,NaN,0.7452,NaN,NaN,NaN,NaN,NaN,NaN,NaN,NaN,NaN,NaN,NaN,NaN,NaN,NaN,NaN,0.9072,NaN,NaN,NaN,NaN,0.8748,NaN
NaN,NaN,NaN,NaN,NaN,NaN,NaN,NaN,NaN,NaN,NaN,NaN,NaN,NaN,NaN,NaN,NaN,NaN,NaN,1.296,NaN,NaN,1.134,NaN,NaN,NaN,NaN,NaN,NaN,NaN,NaN,NaN,NaN,1.1016,NaN,NaN,NaN,NaN,NaN,NaN,NaN,NaN,NaN,NaN,NaN,NaN,NaN,0.9072,NaN,NaN
NaN,NaN,NaN,NaN,NaN,NaN,NaN,NaN,NaN,NaN,NaN,NaN,NaN,NaN,NaN,NaN,NaN,NaN,NaN,NaN,1.1988,1.7172,NaN,NaN,NaN,NaN,NaN,NaN,NaN,NaN,NaN,NaN,NaN,0.7452,NaN,NaN,NaN,NaN,NaN,NaN,0.7776,NaN,NaN,NaN,NaN,NaN,NaN,NaN,NaN,NaN
NaN,NaN,NaN,NaN,NaN,NaN,NaN,NaN,NaN,NaN,NaN,NaN,NaN,NaN,NaN,NaN,NaN,NaN,NaN,NaN,1.782,1.7172,4.0176,3.564,2.1708,1.7172,2.0412,2.0088,2.106,4.4064,1.8468,2.0736,1.8144,2.3976,1.1016,1.1664,1.9764,1.8468,1.6524,0.7776,NaN,0.8424,NaN,NaN,NaN,NaN,NaN,NaN,NaN,NaN
NaN,NaN,NaN,NaN,NaN,NaN,NaN,NaN,NaN,NaN,NaN,NaN,NaN,NaN,NaN,NaN,NaN,NaN,NaN,NaN,2.9484,2.3652,NaN,2.3976,2.0412,2.3652,6.9012,NaN,NaN,2.6568,2.3004,NaN,2.0088,NaN,NaN,1.3608,NaN,NaN,2.592,2.5596,NaN,NaN,NaN,NaN,3.5316,2.3976,NaN,2.0088,2.43,NaN
NaN,NaN,NaN,NaN,NaN,NaN,NaN,NaN,NaN,NaN,NaN,NaN,NaN,NaN,NaN,NaN,NaN,NaN,NaN,NaN,3.402,NaN,NaN,NaN,NaN,NaN,0.9072,1.0368,NaN,NaN,NaN,NaN,NaN,NaN,NaN,NaN,NaN,NaN,NaN,NaN,0.7776,NaN,NaN,NaN,NaN,1.3284,NaN,NaN,1.4256,NaN
NaN,NaN,NaN,NaN,NaN,NaN,NaN,NaN,NaN,NaN,NaN,NaN,NaN,NaN,NaN,NaN,NaN,NaN,NaN,NaN,1.2312,1.944,2.2032,2.8188,2.3652,2.3328,NaN,NaN,1.5876,NaN,NaN,NaN,NaN,NaN,NaN,NaN,NaN,NaN,0.7452,1.3284,NaN,NaN,NaN,0.8748,1.0044,0.8748,NaN,NaN,NaN,1.296
NaN,NaN,NaN,NaN,NaN,NaN,NaN,NaN,NaN,NaN,NaN,NaN,NaN,NaN,NaN,NaN,NaN,NaN,NaN,NaN,NaN,4.4064,1.296,NaN,1.2312,NaN,1.0692,0.7452,NaN,NaN,NaN,NaN,3.2724,NaN,NaN,NaN,2.4624,2.5596,NaN,NaN,NaN,NaN,NaN,NaN,NaN,NaN,NaN,NaN,NaN,NaN
NaN,NaN,NaN,NaN,NaN,NaN,NaN,NaN,NaN,NaN,NaN,NaN,NaN,NaN,NaN,NaN,NaN,NaN,NaN,NaN,NaN,12.8952,NaN,13.7376,NaN,11.2104,NaN,NaN,8.3592,11.7288,NaN,NaN,8.1,NaN,NaN,NaN,NaN,7.9056,NaN,NaN,NaN,NaN,NaN,6.9984,NaN,NaN,NaN,NaN,NaN,NaN
NaN,NaN,NaN,NaN,NaN,NaN,NaN,NaN,NaN,NaN,NaN,NaN,NaN,NaN,NaN,NaN,NaN,NaN,NaN,NaN,NaN,NaN,1.5228,NaN,0.7452,0.9396,1.1664,1.2312,0.9396,NaN,NaN,NaN,NaN,NaN,NaN,NaN,NaN,NaN,NaN,NaN,NaN,NaN,NaN,NaN,NaN,NaN,NaN,NaN,NaN,NaN
NaN,NaN,NaN,NaN,NaN,NaN,NaN,NaN,NaN,NaN,NaN,NaN,NaN,NaN,NaN,NaN,NaN,NaN,NaN,NaN,NaN,NaN,3.6288,1.0368,NaN,NaN,NaN,NaN,NaN,NaN,NaN,NaN,NaN,NaN,NaN,NaN,NaN,NaN,NaN,NaN,NaN,NaN,NaN,NaN,NaN,NaN,NaN,NaN,NaN,NaN
NaN,NaN,NaN,NaN,NaN,NaN,NaN,NaN,NaN,NaN,NaN,NaN,NaN,NaN,NaN,NaN,NaN,NaN,NaN,NaN,NaN,NaN,3.9852,NaN,NaN,NaN,NaN,NaN,3.4344,4.1472,3.726,3.8232,3.6288,NaN,NaN,3.5316,3.4992,NaN,3.0456,2.7864,2.8512,3.402,3.3372,3.5964,2.9808,3.8556,NaN,NaN,NaN,3.888
NaN,NaN,NaN,NaN,NaN,NaN,NaN,NaN,NaN,NaN,NaN,NaN,NaN,NaN,NaN,NaN,NaN,NaN,NaN,NaN,NaN,NaN,4.4064,NaN,NaN,NaN,3.8556,NaN,NaN,NaN,NaN,NaN,NaN,NaN,NaN,NaN,NaN,NaN,NaN,NaN,NaN,NaN,NaN,3.9852,NaN,NaN,NaN,NaN,NaN,NaN
NaN,NaN,NaN,NaN,NaN,NaN,NaN,NaN,NaN,NaN,NaN,NaN,NaN,NaN,NaN,NaN,NaN,NaN,NaN,NaN,NaN,NaN,NaN,1.1016,2.6568,2.5596,2.5596,2.7216,2.6244,NaN,NaN,NaN,2.106,2.4948,2.6244,2.6892,2.7216,2.7216,2.9484,NaN,NaN,2.916,2.6568,NaN,NaN,NaN,NaN,NaN,NaN,NaN
NaN,NaN,NaN,NaN,NaN,NaN,NaN,NaN,NaN,NaN,NaN,NaN,NaN,NaN,NaN,NaN,NaN,NaN,NaN,NaN,NaN,NaN,NaN,1.0044,NaN,1.6524,1.2636,NaN,NaN,NaN,NaN,NaN,0.7452,NaN,NaN,NaN,NaN,NaN,NaN,NaN,NaN,0.8748,1.0044,0.9072,NaN,2.6244,2.6568,NaN,NaN,2.3652
NaN,NaN,NaN,NaN,NaN,NaN,NaN,NaN,NaN,NaN,NaN,NaN,NaN,NaN,NaN,NaN,NaN,NaN,NaN,NaN,NaN,NaN,NaN,6.3828,2.3652,2.3652,NaN,NaN,NaN,2.3328,NaN,NaN,NaN,NaN,2.3976,2.43,NaN,NaN,NaN,2.3004,NaN,NaN,2.4624,2.0088,2.106,2.1384,2.3976,1.9764,2.6568,2.7216
NaN,NaN,NaN,NaN,NaN,NaN,NaN,NaN,NaN,NaN,NaN,NaN,NaN,NaN,NaN,NaN,NaN,NaN,NaN,NaN,NaN,NaN,NaN,NaN,0.9396,NaN,NaN,0.8424,1.0044,0.8748,NaN,0.9072,NaN,NaN,NaN,NaN,1.2636,1.3932,0.8424,0.7776,NaN,0.81,1.0044,0.81,1.3284,0.81,0.7452,1.0044,1.0368,NaN
NaN,NaN,NaN,NaN,NaN,NaN,NaN,NaN,NaN,NaN,NaN,NaN,NaN,NaN,NaN,NaN,NaN,NaN,NaN,NaN,NaN,NaN,NaN,NaN,3.5316,NaN,NaN,NaN,NaN,4.3416,NaN,4.5036,3.2724,NaN,NaN,2.5596,NaN,3.2076,NaN,NaN,NaN,NaN,3.7908,NaN,NaN,NaN,NaN,NaN,1.8144,NaN
NaN,NaN,NaN,NaN,NaN,NaN,NaN,NaN,NaN,NaN,NaN,NaN,NaN,NaN,NaN,NaN,NaN,NaN,NaN,NaN,NaN,NaN,NaN,NaN,3.5316,NaN,3.3696,NaN,NaN,NaN,NaN,NaN,NaN,NaN,NaN,0.7776,NaN,NaN,NaN,NaN,NaN,NaN,NaN,NaN,NaN,NaN,NaN,NaN,NaN,NaN
NaN,NaN,NaN,NaN,NaN,NaN,NaN,NaN,NaN,NaN,NaN,NaN,NaN,NaN,NaN,NaN,NaN,NaN,NaN,NaN,NaN,NaN,NaN,NaN,4.7628,6.5448,4.1148,1.4256,NaN,3.3048,1.2312,NaN,NaN,NaN,NaN,1.9764,NaN,1.8792,NaN,NaN,4.05,1.8792,2.6892,2.754,1.4256,1.5552,2.592,1.5228,2.43,2.5272
NaN,NaN,NaN,NaN,NaN,NaN,NaN,NaN,NaN,NaN,NaN,NaN,NaN,NaN,NaN,NaN,NaN,NaN,NaN,NaN,NaN,NaN,NaN,NaN,NaN,3.4668,3.0132,2.0412,3.4668,2.6244,1.9116,1.7172,1.8144,2.8512,2.3328,1.0368,NaN,NaN,1.8468,NaN,NaN,NaN,NaN,2.268,NaN,NaN,NaN,NaN,1.5552,2.0088
NaN,NaN,NaN,NaN,NaN,NaN,NaN,NaN,NaN,NaN,NaN,NaN,NaN,NaN,NaN,NaN,NaN,NaN,NaN,NaN,NaN,NaN,NaN,NaN,NaN,1.5552,1.6524,2.4624,NaN,NaN,NaN,NaN,NaN,NaN,1.944,NaN,0.8748,NaN,NaN,NaN,1.7496,1.8144,NaN,1.296,NaN,NaN,NaN,NaN,NaN,NaN
NaN,NaN,NaN,NaN,NaN,NaN,NaN,NaN,NaN,NaN,NaN,NaN,NaN,NaN,NaN,NaN,NaN,NaN,NaN,NaN,NaN,NaN,NaN,NaN,NaN,NaN,3.7908,NaN,NaN,NaN,NaN,NaN,NaN,NaN,NaN,NaN,NaN,NaN,3.4344,NaN,NaN,NaN,3.078,NaN,NaN,NaN,NaN,NaN,0.972,2.2032
NaN,NaN,NaN,NaN,NaN,NaN,NaN,NaN,NaN,NaN,NaN,NaN,NaN,NaN,NaN,NaN,NaN,NaN,NaN,NaN,NaN,NaN,NaN,NaN,NaN,NaN,3.1752,2.1384,NaN,2.1708,0.9396,NaN,NaN,NaN,0.7452,NaN,NaN,NaN,NaN,NaN,NaN,NaN,0.7776,NaN,NaN,NaN,NaN,NaN,NaN,NaN
NaN,NaN,NaN,NaN,NaN,NaN,NaN,NaN,NaN,NaN,NaN,NaN,NaN,NaN,NaN,NaN,NaN,NaN,NaN,NaN,NaN,NaN,NaN,NaN,NaN,NaN,NaN,3.9852,1.9764,NaN,0.8748,2.2356,NaN,1.1988,1.4256,NaN,NaN,NaN,NaN,NaN,NaN,NaN,NaN,NaN,NaN,NaN,0.8424,NaN,0.7776,0.7452
NaN,NaN,NaN,NaN,NaN,NaN,NaN,NaN,NaN,NaN,NaN,NaN,NaN,NaN,NaN,NaN,NaN,NaN,NaN,NaN,NaN,NaN,NaN,NaN,NaN,NaN,NaN,0.8424,NaN,1.2312,NaN,NaN,NaN,NaN,NaN,NaN,NaN,0.8424,NaN,NaN,NaN,NaN,NaN,NaN,NaN,NaN,NaN,NaN,NaN,NaN
NaN,NaN,NaN,NaN,NaN,NaN,NaN,NaN,NaN,NaN,NaN,NaN,NaN,NaN,NaN,NaN,NaN,NaN,NaN,NaN,NaN,NaN,NaN,NaN,NaN,NaN,NaN,1.1664,NaN,NaN,NaN,NaN,NaN,NaN,0.8748,0.81,NaN,NaN,1.0368,NaN,NaN,NaN,NaN,NaN,NaN,NaN,NaN,NaN,NaN,NaN
NaN,NaN,NaN,NaN,NaN,NaN,NaN,NaN,NaN,NaN,NaN,NaN,NaN,NaN,NaN,NaN,NaN,NaN,NaN,NaN,NaN,NaN,NaN,NaN,NaN,NaN,NaN,NaN,2.1384,2.3004,2.4948,2.2356,4.7952,4.698,NaN,3.888,NaN,4.1148,3.6612,3.9528,NaN,NaN,3.3696,2.2356,3.3048,2.43,2.9484,3.078,3.078,2.3976
NaN,NaN,NaN,NaN,NaN,NaN,NaN,NaN,NaN,NaN,NaN,NaN,NaN,NaN,NaN,NaN,NaN,NaN,NaN,NaN,NaN,NaN,NaN,NaN,NaN,NaN,NaN,NaN,NaN,1.0368,NaN,NaN,NaN,NaN,0.8424,NaN,NaN,1.1664,0.9396,0.8748,0.81,NaN,NaN,NaN,NaN,NaN,NaN,NaN,NaN,NaN
NaN,NaN,NaN,NaN,NaN,NaN,NaN,NaN,NaN,NaN,NaN,NaN,NaN,NaN,NaN,NaN,NaN,NaN,NaN,NaN,NaN,NaN,NaN,NaN,NaN,NaN,NaN,NaN,NaN,0.7452,NaN,NaN,NaN,NaN,NaN,NaN,NaN,NaN,NaN,NaN,NaN,NaN,NaN,NaN,0.7452,NaN,0.7776,NaN,NaN,NaN
NaN,NaN,NaN,NaN,NaN,NaN,NaN,NaN,NaN,NaN,NaN,NaN,NaN,NaN,NaN,NaN,NaN,NaN,NaN,NaN,NaN,NaN,NaN,NaN,NaN,NaN,NaN,NaN,NaN,2.3328,1.5228,2.0736,1.458,1.4904,1.62,2.2032,1.2636,2.0412,NaN,1.458,1.134,1.458,1.5228,1.0044,1.5228,1.458,1.5228,NaN,0.81,0.8424
NaN,NaN,NaN,NaN,NaN,NaN,NaN,NaN,NaN,NaN,NaN,NaN,NaN,NaN,NaN,NaN,NaN,NaN,NaN,NaN,NaN,NaN,NaN,NaN,NaN,NaN,NaN,NaN,NaN,4.8276,NaN,NaN,NaN,NaN,NaN,NaN,NaN,NaN,NaN,2.6568,1.8792,NaN,NaN,NaN,1.1016,NaN,1.0692,NaN,1.134,NaN
NaN,NaN,NaN,NaN,NaN,NaN,NaN,NaN,NaN,NaN,NaN,NaN,NaN,NaN,NaN,NaN,NaN,NaN,NaN,NaN,NaN,NaN,NaN,NaN,NaN,NaN,NaN,NaN,NaN,0.7452,NaN,NaN,NaN,NaN,NaN,NaN,NaN,NaN,NaN,NaN,NaN,NaN,NaN,NaN,NaN,NaN,0.8424,NaN,1.1016,1.0692
NaN,NaN,NaN,NaN,NaN,NaN,NaN,NaN,NaN,NaN,NaN,NaN,NaN,NaN,NaN,NaN,NaN,NaN,NaN,NaN,NaN,NaN,NaN,NaN,NaN,NaN,NaN,NaN,NaN,4.0176,4.0824,4.8924,4.9248,NaN,NaN,NaN,3.6612,NaN,3.564,3.2076,NaN,2.1384,2.592,2.592,2.5596,NaN,1.296,1.5876,NaN,NaN
NaN,NaN,NaN,NaN,NaN,NaN,NaN,NaN,NaN,NaN,NaN,NaN,NaN,NaN,NaN,NaN,NaN,NaN,NaN,NaN,NaN,NaN,NaN,NaN,NaN,NaN,NaN,NaN,NaN,NaN,1.1664,NaN,NaN,NaN,NaN,NaN,NaN,0.7776,NaN,NaN,NaN,NaN,NaN,NaN,NaN,NaN,NaN,NaN,NaN,NaN
NaN,NaN,NaN,NaN,NaN,NaN,NaN,NaN,NaN,NaN,NaN,NaN,NaN,NaN,NaN,NaN,NaN,NaN,NaN,NaN,NaN,NaN,NaN,NaN,NaN,NaN,NaN,NaN,NaN,NaN,NaN,0.7452,NaN,NaN,NaN,NaN,1.2636,0.7452,0.8748,1.1016,0.8424,1.6524,NaN,1.4904,NaN,NaN,NaN,NaN,NaN,NaN
NaN,NaN,NaN,NaN,NaN,NaN,NaN,NaN,NaN,NaN,NaN,NaN,NaN,NaN,NaN,NaN,NaN,NaN,NaN,NaN,NaN,NaN,NaN,NaN,NaN,NaN,NaN,NaN,NaN,NaN,NaN,1.1664,NaN,1.4256,NaN,NaN,NaN,0.8424,NaN,NaN,0.972,NaN,1.7172,NaN,NaN,1.0044,3.078,3.1428,3.564,2.6568
NaN,NaN,NaN,NaN,NaN,NaN,NaN,NaN,NaN,NaN,NaN,NaN,NaN,NaN,NaN,NaN,NaN,NaN,NaN,NaN,NaN,NaN,NaN,NaN,NaN,NaN,NaN,NaN,NaN,NaN,NaN,0.8748,NaN,NaN,NaN,0.8748,0.7452,0.972,0.9072,NaN,NaN,NaN,0.8424,1.2312,1.4256,1.2636,NaN,NaN,NaN,NaN
NaN,NaN,NaN,NaN,NaN,NaN,NaN,NaN,NaN,NaN,NaN,NaN,NaN,NaN,NaN,NaN,NaN,NaN,NaN,NaN,NaN,NaN,NaN,NaN,NaN,NaN,NaN,NaN,NaN,NaN,NaN,1.1016,0.7452,NaN,1.0044,NaN,0.9072,1.1988,NaN,NaN,NaN,1.0692,0.8424,NaN,1.134,NaN,NaN,NaN,0.9396,0.8748
NaN,NaN,NaN,NaN,NaN,NaN,NaN,NaN,NaN,NaN,NaN,NaN,NaN,NaN,NaN,NaN,NaN,NaN,NaN,NaN,NaN,NaN,NaN,NaN,NaN,NaN,NaN,NaN,NaN,NaN,NaN,3.9852,3.888,3.6612,3.8556,4.1148,3.7584,3.9528,4.1472,4.2768,3.9852,3.7908,3.7908,3.888,NaN,NaN,NaN,NaN,NaN,NaN
NaN,NaN,NaN,NaN,NaN,NaN,NaN,NaN,NaN,NaN,NaN,NaN,NaN,NaN,NaN,NaN,NaN,NaN,NaN,NaN,NaN,NaN,NaN,NaN,NaN,NaN,NaN,NaN,NaN,NaN,NaN,NaN,NaN,0.7452,0.9072,NaN,NaN,1.3284,1.2636,1.296,NaN,1.8792,1.3932,1.0692,2.268,2.592,0.81,NaN,1.5876,NaN
NaN,NaN,NaN,NaN,NaN,NaN,NaN,NaN,NaN,NaN,NaN,NaN,NaN,NaN,NaN,NaN,NaN,NaN,NaN,NaN,NaN,NaN,NaN,NaN,NaN,NaN,NaN,NaN,NaN,NaN,NaN,NaN,NaN,1.1664,NaN,1.62,NaN,0.8748,1.0692,NaN,NaN,NaN,NaN,0.9396,1.7496,1.8792,2.2032,1.3284,1.6848,1.5552
NaN,NaN,NaN,NaN,NaN,NaN,NaN,NaN,NaN,NaN,NaN,NaN,NaN,NaN,NaN,NaN,NaN,NaN,NaN,NaN,NaN,NaN,NaN,NaN,NaN,NaN,NaN,NaN,NaN,NaN,NaN,NaN,NaN,1.3932,1.8792,NaN,1.5552,NaN,NaN,NaN,NaN,NaN,NaN,NaN,NaN,0.81,NaN,NaN,NaN,NaN
NaN,NaN,NaN,NaN,NaN,NaN,NaN,NaN,NaN,NaN,NaN,NaN,NaN,NaN,NaN,NaN,NaN,NaN,NaN,NaN,NaN,NaN,NaN,NaN,NaN,NaN,NaN,NaN,NaN,NaN,NaN,NaN,NaN,NaN,1.8792,NaN,NaN,NaN,NaN,NaN,NaN,1.5228,NaN,3.5964,0.7452,NaN,NaN,NaN,NaN,NaN
NaN,NaN,NaN,NaN,NaN,NaN,NaN,NaN,NaN,NaN,NaN,NaN,NaN,NaN,NaN,NaN,NaN,NaN,NaN,NaN,NaN,NaN,NaN,NaN,NaN,NaN,NaN,NaN,NaN,NaN,NaN,NaN,NaN,NaN,5.4756,NaN,NaN,NaN,NaN,NaN,1.7172,NaN,NaN,NaN,NaN,1.9764,NaN,NaN,NaN,NaN
NaN,NaN,NaN,NaN,NaN,NaN,NaN,NaN,NaN,NaN,NaN,NaN,NaN,NaN,NaN,NaN,NaN,NaN,NaN,NaN,NaN,NaN,NaN,NaN,NaN,NaN,NaN,NaN,NaN,NaN,NaN,NaN,NaN,NaN,NaN,0.7776,NaN,0.9396,NaN,NaN,NaN,NaN,NaN,NaN,NaN,NaN,NaN,1.0044,0.9396,1.6848
NaN,NaN,NaN,NaN,NaN,NaN,NaN,NaN,NaN,NaN,NaN,NaN,NaN,NaN,NaN,NaN,NaN,NaN,NaN,NaN,NaN,NaN,NaN,NaN,NaN,NaN,NaN,NaN,NaN,NaN,NaN,NaN,NaN,NaN,NaN,2.916,NaN,NaN,NaN,4.2444,6.318,1.0692,NaN,NaN,NaN,NaN,NaN,NaN,NaN,NaN
NaN,NaN,NaN,NaN,NaN,NaN,NaN,NaN,NaN,NaN,NaN,NaN,NaN,NaN,NaN,NaN,NaN,NaN,NaN,NaN,NaN,NaN,NaN,NaN,NaN,NaN,NaN,NaN,NaN,NaN,NaN,NaN,NaN,NaN,NaN,0.7452,NaN,0.7452,NaN,NaN,0.9396,NaN,NaN,NaN,NaN,NaN,NaN,NaN,NaN,NaN
NaN,NaN,NaN,NaN,NaN,NaN,NaN,NaN,NaN,NaN,NaN,NaN,NaN,NaN,NaN,NaN,NaN,NaN,NaN,NaN,NaN,NaN,NaN,NaN,NaN,NaN,NaN,NaN,NaN,NaN,NaN,NaN,NaN,NaN,NaN,5.3136,NaN,1.0692,NaN,NaN,NaN,1.1988,NaN,NaN,NaN,NaN,NaN,0.7452,0.81,NaN
NaN,NaN,NaN,NaN,NaN,NaN,NaN,NaN,NaN,NaN,NaN,NaN,NaN,NaN,NaN,NaN,NaN,NaN,NaN,NaN,NaN,NaN,NaN,NaN,NaN,NaN,NaN,NaN,NaN,NaN,NaN,NaN,NaN,NaN,NaN,1.1988,0.8748,1.4256,1.1016,0.8748,NaN,NaN,NaN,0.8424,NaN,NaN,0.81,NaN,NaN,NaN
NaN,NaN,NaN,NaN,NaN,NaN,NaN,NaN,NaN,NaN,NaN,NaN,NaN,NaN,NaN,NaN,NaN,NaN,NaN,NaN,NaN,NaN,NaN,NaN,NaN,NaN,NaN,NaN,NaN,NaN,NaN,NaN,NaN,NaN,NaN,NaN,0.7776,1.0044,NaN,NaN,NaN,NaN,NaN,NaN,1.0692,NaN,NaN,NaN,NaN,NaN
NaN,NaN,NaN,NaN,NaN,NaN,NaN,NaN,NaN,NaN,NaN,NaN,NaN,NaN,NaN,NaN,NaN,NaN,NaN,NaN,NaN,NaN,NaN,NaN,NaN,NaN,NaN,NaN,NaN,NaN,NaN,NaN,NaN,NaN,NaN,NaN,5.022,NaN,NaN,NaN,4.8924,5.0544,NaN,NaN,NaN,NaN,4.8924,NaN,NaN,4.5684
NaN,NaN,NaN,NaN,NaN,NaN,NaN,NaN,NaN,NaN,NaN,NaN,NaN,NaN,NaN,NaN,NaN,NaN,NaN,NaN,NaN,NaN,NaN,NaN,NaN,NaN,NaN,NaN,NaN,NaN,NaN,NaN,NaN,NaN,NaN,NaN,1.3608,NaN,NaN,NaN,NaN,NaN,1.7496,NaN,NaN,NaN,NaN,0.81,NaN,1.134
NaN,NaN,NaN,NaN,NaN,NaN,NaN,NaN,NaN,NaN,NaN,NaN,NaN,NaN,NaN,NaN,NaN,NaN,NaN,NaN,NaN,NaN,NaN,NaN,NaN,NaN,NaN,NaN,NaN,NaN,NaN,NaN,NaN,NaN,NaN,NaN,NaN,1.2636,NaN,1.62,NaN,1.2312,0.8424,NaN,NaN,NaN,NaN,1.5876,NaN,NaN
NaN,NaN,NaN,NaN,NaN,NaN,NaN,NaN,NaN,NaN,NaN,NaN,NaN,NaN,NaN,NaN,NaN,NaN,NaN,NaN,NaN,NaN,NaN,NaN,NaN,NaN,NaN,NaN,NaN,NaN,NaN,NaN,NaN,NaN,NaN,NaN,NaN,0.8748,0.7452,0.9072,NaN,0.81,0.7776,0.81,2.0088,0.8424,NaN,NaN,NaN,NaN
NaN,NaN,NaN,NaN,NaN,NaN,NaN,NaN,NaN,NaN,NaN,NaN,NaN,NaN,NaN,NaN,NaN,NaN,NaN,NaN,NaN,NaN,NaN,NaN,NaN,NaN,NaN,NaN,NaN,NaN,NaN,NaN,NaN,NaN,NaN,NaN,NaN,1.3932,0.8424,NaN,0.9396,NaN,NaN,NaN,NaN,NaN,NaN,NaN,NaN,NaN
NaN,NaN,NaN,NaN,NaN,NaN,NaN,NaN,NaN,NaN,NaN,NaN,NaN,NaN,NaN,NaN,NaN,NaN,NaN,NaN,NaN,NaN,NaN,NaN,NaN,NaN,NaN,NaN,NaN,NaN,NaN,NaN,NaN,NaN,NaN,NaN,NaN,NaN,NaN,0.7452,NaN,NaN,NaN,NaN,1.0368,NaN,NaN,NaN,0.972,NaN
NaN,NaN,NaN,NaN,NaN,NaN,NaN,NaN,NaN,NaN,NaN,NaN,NaN,NaN,NaN,NaN,NaN,NaN,NaN,NaN,NaN,NaN,NaN,NaN,NaN,NaN,NaN,NaN,NaN,NaN,NaN,NaN,NaN,NaN,NaN,NaN,NaN,NaN,NaN,0.8424,0.972,NaN,NaN,NaN,NaN,1.5228,NaN,1.4904,1.1988,NaN
NaN,NaN,NaN,NaN,NaN,NaN,NaN,NaN,NaN,NaN,NaN,NaN,NaN,NaN,NaN,NaN,NaN,NaN,NaN,NaN,NaN,NaN,NaN,NaN,NaN,NaN,NaN,NaN,NaN,NaN,NaN,NaN,NaN,NaN,NaN,NaN,NaN,NaN,NaN,3.0132,2.1384,2.1384,1.9764,2.1384,2.6892,NaN,NaN,2.8512,2.3976,NaN
NaN,NaN,NaN,NaN,NaN,NaN,NaN,NaN,NaN,NaN,NaN,NaN,NaN,NaN,NaN,NaN,NaN,NaN,NaN,NaN,NaN,NaN,NaN,NaN,NaN,NaN,NaN,NaN,NaN,NaN,NaN,NaN,NaN,NaN,NaN,NaN,NaN,NaN,NaN,NaN,1.458,1.8468,1.7172,2.268,2.0088,2.3328,2.3004,2.3004,2.1384,2.1384
NaN,NaN,NaN,NaN,NaN,NaN,NaN,NaN,NaN,NaN,NaN,NaN,NaN,NaN,NaN,NaN,NaN,NaN,NaN,NaN,NaN,NaN,NaN,NaN,NaN,NaN,NaN,NaN,NaN,NaN,NaN,NaN,NaN,NaN,NaN,NaN,NaN,NaN,NaN,NaN,NaN,0.8748,NaN,1.1016,NaN,NaN,NaN,NaN,1.0044,NaN
NaN,NaN,NaN,NaN,NaN,NaN,NaN,NaN,NaN,NaN,NaN,NaN,NaN,NaN,NaN,NaN,NaN,NaN,NaN,NaN,NaN,NaN,NaN,NaN,NaN,NaN,NaN,NaN,NaN,NaN,NaN,NaN,NaN,NaN,NaN,NaN,NaN,NaN,NaN,NaN,NaN,NaN,0.7776,1.0044,NaN,NaN,NaN,NaN,NaN,1.4904
NaN,NaN,NaN,NaN,NaN,NaN,NaN,NaN,NaN,NaN,NaN,NaN,NaN,NaN,NaN,NaN,NaN,NaN,NaN,NaN,NaN,NaN,NaN,NaN,NaN,NaN,NaN,NaN,NaN,NaN,NaN,NaN,NaN,NaN,NaN,NaN,NaN,NaN,NaN,NaN,NaN,NaN,5.508,NaN,4.698,4.6656,5.508,5.832,5.184,4.6008
NaN,NaN,NaN,NaN,NaN,NaN,NaN,NaN,NaN,NaN,NaN,NaN,NaN,NaN,NaN,NaN,NaN,NaN,NaN,NaN,NaN,NaN,NaN,NaN,NaN,NaN,NaN,NaN,NaN,NaN,NaN,NaN,NaN,NaN,NaN,NaN,NaN,NaN,NaN,NaN,NaN,NaN,0.7776,0.8748,0.8424,NaN,NaN,NaN,NaN,NaN
NaN,NaN,NaN,NaN,NaN,NaN,NaN,NaN,NaN,NaN,NaN,NaN,NaN,NaN,NaN,NaN,NaN,NaN,NaN,NaN,NaN,NaN,NaN,NaN,NaN,NaN,NaN,NaN,NaN,NaN,NaN,NaN,NaN,NaN,NaN,NaN,NaN,NaN,NaN,NaN,NaN,NaN,NaN,5.0868,4.8924,4.7952,3.2724,4.9248,4.2768,NaN
NaN,NaN,NaN,NaN,NaN,NaN,NaN,NaN,NaN,NaN,NaN,NaN,NaN,NaN,NaN,NaN,NaN,NaN,NaN,NaN,NaN,NaN,NaN,NaN,NaN,NaN,NaN,NaN,NaN,NaN,NaN,NaN,NaN,NaN,NaN,NaN,NaN,NaN,NaN,NaN,NaN,NaN,NaN,6.7716,NaN,NaN,5.3784,6.318,NaN,6.1236
NaN,NaN,NaN,NaN,NaN,NaN,NaN,NaN,NaN,NaN,NaN,NaN,NaN,NaN,NaN,NaN,NaN,NaN,NaN,NaN,NaN,NaN,NaN,NaN,NaN,NaN,NaN,NaN,NaN,NaN,NaN,NaN,NaN,NaN,NaN,NaN,NaN,NaN,NaN,NaN,NaN,NaN,NaN,11.502,NaN,NaN,NaN,2.1384,NaN,NaN
NaN,NaN,NaN,NaN,NaN,NaN,NaN,NaN,NaN,NaN,NaN,NaN,NaN,NaN,NaN,NaN,NaN,NaN,NaN,NaN,NaN,NaN,NaN,NaN,NaN,NaN,NaN,NaN,NaN,NaN,NaN,NaN,NaN,NaN,NaN,NaN,NaN,NaN,NaN,NaN,NaN,NaN,NaN,NaN,0.7452,0.8748,1.0044,0.9396,0.9396,0.9072
NaN,NaN,NaN,NaN,NaN,NaN,NaN,NaN,NaN,NaN,NaN,NaN,NaN,NaN,NaN,NaN,NaN,NaN,NaN,NaN,NaN,NaN,NaN,NaN,NaN,NaN,NaN,NaN,NaN,NaN,NaN,NaN,NaN,NaN,NaN,NaN,NaN,NaN,NaN,NaN,NaN,NaN,NaN,NaN,2.4624,2.106,2.9484,2.2356,NaN,NaN
NaN,NaN,NaN,NaN,NaN,NaN,NaN,NaN,NaN,NaN,NaN,NaN,NaN,NaN,NaN,NaN,NaN,NaN,NaN,NaN,NaN,NaN,NaN,NaN,NaN,NaN,NaN,NaN,NaN,NaN,NaN,NaN,NaN,NaN,NaN,NaN,NaN,NaN,NaN,NaN,NaN,NaN,NaN,NaN,3.4344,NaN,NaN,NaN,NaN,1.1988
NaN,NaN,NaN,NaN,NaN,NaN,NaN,NaN,NaN,NaN,NaN,NaN,NaN,NaN,NaN,NaN,NaN,NaN,NaN,NaN,NaN,NaN,NaN,NaN,NaN,NaN,NaN,NaN,NaN,NaN,NaN,NaN,NaN,NaN,NaN,NaN,NaN,NaN,NaN,NaN,NaN,NaN,NaN,NaN,0.9072,1.5876,1.5876,NaN,NaN,1.458
NaN,NaN,NaN,NaN,NaN,NaN,NaN,NaN,NaN,NaN,NaN,NaN,NaN,NaN,NaN,NaN,NaN,NaN,NaN,NaN,NaN,NaN,NaN,NaN,NaN,NaN,NaN,NaN,NaN,NaN,NaN,NaN,NaN,NaN,NaN,NaN,NaN,NaN,NaN,NaN,NaN,NaN,NaN,NaN,3.4344,3.3696,3.6288,3.6288,3.5316,3.3048
NaN,NaN,NaN,NaN,NaN,NaN,NaN,NaN,NaN,NaN,NaN,NaN,NaN,NaN,NaN,NaN,NaN,NaN,NaN,NaN,NaN,NaN,NaN,NaN,NaN,NaN,NaN,NaN,NaN,NaN,NaN,NaN,NaN,NaN,NaN,NaN,NaN,NaN,NaN,NaN,NaN,NaN,NaN,NaN,NaN,0.81,NaN,1.1016,NaN,NaN
NaN,NaN,NaN,NaN,NaN,NaN,NaN,NaN,NaN,NaN,NaN,NaN,NaN,NaN,NaN,NaN,NaN,NaN,NaN,NaN,NaN,NaN,NaN,NaN,NaN,NaN,NaN,NaN,NaN,NaN,NaN,NaN,NaN,NaN,NaN,NaN,NaN,NaN,NaN,NaN,NaN,NaN,NaN,NaN,NaN,NaN,3.4668,3.4344,3.726,NaN
NaN,NaN,NaN,NaN,NaN,NaN,NaN,NaN,NaN,NaN,NaN,NaN,NaN,NaN,NaN,NaN,NaN,NaN,NaN,NaN,NaN,NaN,NaN,NaN,NaN,NaN,NaN,NaN,NaN,NaN,NaN,NaN,NaN,NaN,NaN,NaN,NaN,NaN,NaN,NaN,NaN,NaN,NaN,NaN,NaN,NaN,NaN,0.972,0.81,0.7776
NaN,NaN,NaN,NaN,NaN,NaN,NaN,NaN,NaN,NaN,NaN,NaN,NaN,NaN,NaN,NaN,NaN,NaN,NaN,NaN,NaN,NaN,NaN,NaN,NaN,NaN,NaN,NaN,NaN,NaN,NaN,NaN,NaN,NaN,NaN,NaN,NaN,NaN,NaN,NaN,NaN,NaN,NaN,NaN,NaN,NaN,NaN,2.6568,1.944,1.7496
NaN,NaN,NaN,NaN,NaN,NaN,NaN,NaN,NaN,NaN,NaN,NaN,NaN,NaN,NaN,NaN,NaN,NaN,NaN,NaN,NaN,NaN,NaN,NaN,NaN,NaN,NaN,NaN,NaN,NaN,NaN,NaN,NaN,NaN,NaN,NaN,NaN,NaN,NaN,NaN,NaN,NaN,NaN,NaN,NaN,NaN,NaN,0.8748,0.8424,0.8424
NaN,NaN,NaN,NaN,NaN,NaN,NaN,NaN,NaN,NaN,NaN,NaN,NaN,NaN,NaN,NaN,NaN,NaN,NaN,NaN,NaN,NaN,NaN,NaN,NaN,NaN,NaN,NaN,NaN,NaN,NaN,NaN,NaN,NaN,NaN,NaN,NaN,NaN,NaN,NaN,NaN,NaN,NaN,NaN,NaN,NaN,NaN,2.9484,3.3048,3.8232
NaN,NaN,NaN,NaN,NaN,NaN,NaN,NaN,NaN,NaN,NaN,NaN,NaN,NaN,NaN,NaN,NaN,NaN,NaN,NaN,NaN,NaN,NaN,NaN,NaN,NaN,NaN,NaN,NaN,NaN,NaN,NaN,NaN,NaN,NaN,NaN,NaN,NaN,NaN,NaN,NaN,NaN,NaN,NaN,NaN,NaN,NaN,NaN,4.9248,3.6612
NaN,NaN,NaN,NaN,NaN,NaN,NaN,NaN,NaN,NaN,NaN,NaN,NaN,NaN,NaN,NaN,NaN,NaN,NaN,NaN,NaN,NaN,NaN,NaN,NaN,NaN,NaN,NaN,NaN,NaN,NaN,NaN,NaN,NaN,NaN,NaN,NaN,NaN,NaN,NaN,NaN,NaN,NaN,NaN,NaN,NaN,NaN,NaN,2.9808,2.8188
