1.5228,1.0044,NaN,NaN,1.4904,2.3004,0.8424,1.5876,1.3608,0.7452,1.1016,0.8424,1.2636,0.7776,0.9072,0.8424,1.0368,1.5228,0.81,NaN,NaN,0.81,0.972,NaN,1.6524,NaN,NaN,1.1016,1.1016,0.7776,NaN,NaN,NaN,NaN,NaN,NaN,NaN,0.81,0.9072,NaN,NaN,NaN,NaN,NaN,NaN,NaN,NaN,NaN,NaN,NaN
8.586,4.3416,NaN,3.9204,1.944,2.106,4.6656,8.3268,3.7584,6.48,7.128,6.4476,NaN,3.4668,3.7908,NaN,NaN,1.3932,2.7864,NaN,NaN,2.8836,NaN,2.4948,3.8232,NaN,2.6244,NaN,NaN,2.7216,2.592,NaN,NaN,3.6612,NaN,NaN,3.726,NaN,3.6288,NaN,4.9248,4.212,3.9852,NaN,1.9764,NaN,NaN,4.1472,NaN,3.888
6.7068,8.6832,13.7376,9.4284,10.9188,6.9984,4.536,4.698,5.5404,6.966,6.0588,NaN,13.3812,4.9896,5.022,10.0116,9.234,4.6656,3.8232,7.8084,6.7068,4.3416,8.3916,3.4992,4.7952,8.6184,4.4712,9.234,8.1972,1.1664,2.8188,NaN,NaN,3.0456,1.296,NaN,3.7908,NaN,1.1664,NaN,NaN,0.8424,0.7452,NaN,3.888,NaN,4.1148,4.4712,NaN,3.2724
8.8452,9.0072,7.938,8.586,7.7436,8.1648,8.91,8.1324,8.6184,8.5536,8.586,8.0676,8.1648,9.3312,8.1972,7.7436,8.1972,8.6184,7.6788,8.0352,8.3916,8.0028,7.776,7.4844,7.938,8.6508,8.3592,8.3916,8.1648,8.424,7.614,8.424,9.072,8.1,8.1972,8.3268,8.0028,8.2296,8.4564,8.3268,7.9704,8.1324,8.0676,9.0396,7.7112,8.0028,9.0072,7.3224,8.3916,8.3268
0.8424,NaN,0.7776,0.8748,NaN,1.3932,0.972,1.8468,1.3284,1.7172,0.7452,1.0692,1.0692,1.2312,NaN,1.4904,1.1016,NaN,NaN,1.0692,NaN,NaN,NaN,NaN,NaN,NaN,NaN,NaN,NaN,NaN,NaN,NaN,NaN,NaN,NaN,NaN,NaN,NaN,NaN,NaN,NaN,NaN,NaN,NaN,NaN,NaN,NaN,NaN,NaN,NaN
1.3932,1.3932,0.81,0.7776,NaN,0.9396,0.81,0.9396,0.9072,1.2312,NaN,1.296,1.1988,1.134,1.1016,NaN,0.8748,NaN,NaN,NaN,NaN,NaN,NaN,NaN,NaN,NaN,NaN,NaN,1.1016,NaN,NaN,NaN,NaN,NaN,NaN,NaN,NaN,NaN,NaN,NaN,NaN,NaN,NaN,NaN,NaN,NaN,NaN,NaN,NaN,NaN
0.7776,NaN,NaN,NaN,NaN,0.9072,NaN,NaN,NaN,NaN,NaN,NaN,NaN,NaN,NaN,NaN,NaN,NaN,NaN,NaN,NaN,NaN,NaN,NaN,NaN,NaN,NaN,NaN,NaN,NaN,NaN,NaN,NaN,NaN,NaN,NaN,NaN,NaN,NaN,NaN,NaN,NaN,NaN,NaN,NaN,NaN,NaN,NaN,NaN,NaN
12.0528,10.7568,10.4328,10.9188,10.1412,11.7612,11.8584,10.1736,12.4092,10.2384,11.502,NaN,10.8216,10.5948,8.4888,9.2016,NaN,NaN,12.3444,10.1088,12.15,12.5712,12.3444,11.0808,11.4048,NaN,10.3356,11.8584,NaN,10.9188,NaN,NaN,10.9836,12.4416,11.8908,10.5948,11.664,11.6964,10.7568,10.854,5.832,11.9232,9.8496,12.6036,NaN,10.7568,9.8172,10.9836,NaN,10.53
0.8424,NaN,NaN,NaN,NaN,0.81,0.972,0.81,1.3932,NaN,0.8424,1.1664,NaN,1.0044,NaN,1.1664,NaN,0.7452,NaN,NaN,NaN,1.0368,1.0044,NaN,1.2312,NaN,1.296,1.0692,NaN,0.9396,0.81,NaN,NaN,NaN,NaN,0.972,NaN,NaN,NaN,NaN,NaN,NaN,NaN,NaN,0.7776,1.2312,NaN,1.782,1.8468,1.1016
0.8424,NaN,NaN,0.81,NaN,1.296,NaN,NaN,NaN,NaN,0.81,NaN,1.8792,NaN,0.7452,1.296,NaN,NaN,NaN,NaN,NaN,1.2636,NaN,1.0044,1.0692,NaN,1.0692,1.134,NaN,0.7452,NaN,NaN,NaN,NaN,NaN,NaN,NaN,NaN,NaN,NaN,0.81,1.1664,NaN,NaN,NaN,0.81,NaN,NaN,1.0692,NaN
4.6332,NaN,0.7776,NaN,NaN,NaN,NaN,NaN,NaN,NaN,3.6612,NaN,NaN,NaN,NaN,NaN,4.536,NaN,14.7744,7.5816,14.3208,4.536,NaN,4.05,14.6772,NaN,3.9204,4.0176,NaN,8.5536,14.6448,4.6332,15.876,14.5152,5.5728,14.0616,12.7332,9.8496,14.9688,5.9292,13.5756,4.2444,8.7156,5.2812,13.9968,3.4344,8.3592,NaN,NaN,3.6288
10.2708,15.1956,14.3856,15.2604,14.256,14.3856,14.6448,15.9084,15.2604,15.6168,11.6316,14.9364,14.2236,15.4224,14.6448,13.9968,NaN,NaN,NaN,9.2988,NaN,NaN,14.7744,4.86,NaN,NaN,9.72,10.4004,NaN,0.8748,NaN,1.0368,NaN,NaN,NaN,NaN,NaN,NaN,NaN,2.6568,NaN,NaN,NaN,NaN,NaN,NaN,NaN,NaN,NaN,NaN
0.8424,NaN,NaN,0.81,1.1016,0.8424,NaN,NaN,NaN,NaN,NaN,0.7452,1.782,NaN,1.1664,1.2636,NaN,NaN,NaN,NaN,NaN,NaN,1.3284,NaN,NaN,NaN,NaN,NaN,NaN,NaN,NaN,NaN,NaN,NaN,NaN,NaN,0.7452,0.972,NaN,NaN,NaN,0.8424,1.4904,NaN,NaN,NaN,NaN,NaN,NaN,NaN
1.1664,1.6848,1.0044,1.1016,2.0088,1.2312,NaN,NaN,NaN,NaN,1.4904,1.944,0.81,1.6524,NaN,3.5316,1.4256,NaN,NaN,NaN,1.7496,2.3976,NaN,1.3932,1.2312,2.2356,1.944,1.6524,0.7776,NaN,NaN,0.8748,NaN,NaN,NaN,NaN,NaN,NaN,NaN,NaN,NaN,NaN,NaN,NaN,NaN,NaN,NaN,NaN,NaN,NaN
4.212,3.2724,3.4992,2.6244,3.6612,3.3048,3.564,3.2724,2.8836,3.6612,3.5964,3.888,3.3048,3.3372,3.5316,2.7864,3.8232,2.9484,3.0132,2.3328,5.67,3.24,3.7908,3.1104,NaN,NaN,NaN,NaN,NaN,NaN,4.1472,NaN,NaN,NaN,NaN,NaN,NaN,NaN,NaN,NaN,NaN,NaN,NaN,NaN,NaN,NaN,NaN,NaN,NaN,NaN
9.8172,9.6876,9.4608,9.3312,9.8172,9.6876,9.6228,9.396,9.882,9.6228,9.5904,9.4932,9.2988,9.9792,9.5904,9.6552,9.6228,9.558,9.72,9.9144,9.5256,9.6228,9.8496,9.5904,9.4932,9.7524,9.234,9.9468,9.4608,9.4608,9.396,9.4284,9.9792,9.396,9.3636,9.882,9.558,9.7524,10.044,9.558,9.558,9.2988,9.2664,9.0396,9.1692,9.0072,9.2664,9.3636,9.1368,8.586
2.2356,1.7172,1.3932,NaN,NaN,NaN,NaN,NaN,2.1708,NaN,NaN,NaN,NaN,NaN,1.8792,NaN,0.8748,1.6524,13.9968,NaN,NaN,NaN,2.1708,1.4904,NaN,1.3608,1.6524,2.0412,1.5228,2.3652,NaN,1.2636,2.916,NaN,NaN,NaN,NaN,1.7172,NaN,NaN,NaN,NaN,2.2356,NaN,NaN,9.7848,NaN,NaN,3.1428,NaN
0.8748,0.8424,0.7776,NaN,NaN,NaN,NaN,NaN,NaN,NaN,1.1988,NaN,NaN,0.9072,NaN,NaN,NaN,NaN,NaN,1.2312,0.972,1.0368,1.134,0.972,1.0044,0.9072,NaN,1.5228,NaN,1.4256,NaN,1.296,1.0044,0.9396,0.9396,1.0692,NaN,1.0692,1.0368,NaN,1.4904,1.0692,1.134,NaN,1.296,1.3608,1.0368,NaN,1.2312,1.3608
1.5552,NaN,0.8424,1.2636,1.5228,0.81,1.0368,1.2312,1.296,1.1664,1.5876,0.972,1.296,1.0368,0.9396,1.0368,0.81,1.3608,0.81,1.1664,1.296,1.1016,0.7452,0.7452,0.9396,NaN,1.3932,0.8424,1.2636,1.0368,1.8792,1.0692,NaN,NaN,NaN,NaN,NaN,NaN,NaN,0.7776,NaN,0.8424,NaN,NaN,NaN,1.0368,NaN,NaN,NaN,NaN
5.5404,5.022,5.7672,5.5404,4.6008,5.5728,5.4108,6.0588,5.67,5.022,5.7996,5.67,5.0868,5.9292,5.5728,5.67,5.6376,5.6376,5.3784,5.9616,5.4756,5.832,5.7996,4.9248,5.7672,6.7068,6.0264,5.0868,NaN,5.3136,5.2812,5.1516,5.0544,5.1192,4.9896,4.8924,NaN,5.1516,4.698,4.6332,NaN,4.698,4.6656,4.86,4.6332,NaN,4.5684,4.2768,7.128,NaN
2.3652,3.078,NaN,NaN,NaN,NaN,2.3976,NaN,NaN,NaN,NaN,0.972,NaN,NaN,NaN,NaN,NaN,0.9072,NaN,NaN,NaN,1.134,1.0368,1.0368,NaN,NaN,0.972,3.564,2.9808,NaN,1.1988,NaN,NaN,NaN,4.1796,3.2076,NaN,1.0368,NaN,4.0176,0.7776,NaN,3.564,3.4344,NaN,4.698,4.2768,NaN,NaN,4.4712
1.134,NaN,NaN,0.9396,NaN,NaN,NaN,NaN,NaN,NaN,3.4992,2.916,NaN,NaN,NaN,3.9852,4.5036,NaN,NaN,NaN,NaN,NaN,3.7584,3.1104,NaN,NaN,NaN,NaN,NaN,NaN,NaN,NaN,NaN,NaN,NaN,NaN,NaN,NaN,NaN,NaN,0.8748,NaN,NaN,NaN,NaN,NaN,NaN,NaN,NaN,NaN
10.8216,1.0368,NaN,5.508,NaN,NaN,10.4328,1.2636,5.1192,NaN,NaN,NaN,6.3828,6.5124,NaN,11.34,NaN,NaN,NaN,NaN,NaN,NaN,NaN,NaN,6.318,7.2252,NaN,NaN,NaN,NaN,1.62,1.3608,NaN,6.9984,1.296,1.7496,NaN,NaN,NaN,1.1988,5.994,NaN,NaN,NaN,NaN,NaN,NaN,7.776,6.8364,NaN
8.262,8.6184,8.3592,8.1648,8.8776,8.748,8.9424,8.91,8.4888,8.5536,8.748,8.1,8.586,9.396,9.1044,8.7156,8.7156,5.832,9.2664,8.8776,8.7156,9.0396,8.586,8.7156,8.9748,4.7628,8.8128,8.262,8.7156,9.1044,4.7952,5.4756,8.586,8.4888,8.4888,4.9896,8.0352,8.5212,8.7156,5.0868,4.9896,5.6376,5.2812,8.6508,8.1,4.8924,4.8924,4.86,5.5728,5.7024
184.7124,33.4692,NaN,NaN,37.2276,NaN,NaN,NaN,NaN,NaN,162.7128,NaN,NaN,NaN,NaN,NaN,NaN,NaN,137.376,NaN,36.3852,NaN,NaN,NaN,36.1584,NaN,NaN,NaN,8.1324,34.4088,NaN,NaN,NaN,NaN,NaN,NaN,NaN,NaN,NaN,NaN,NaN,NaN,NaN,NaN,NaN,NaN,NaN,NaN,NaN,NaN
3.7908,3.5964,4.212,3.402,3.4344,3.6936,3.402,3.9204,3.3048,3.1428,3.2724,4.1796,NaN,3.888,NaN,3.9204,4.0176,3.5316,3.1428,3.3372,3.7584,3.24,3.3372,3.4668,3.1752,3.4668,3.7584,4.0176,4.536,3.2076,3.24,3.2076,4.4712,3.4668,3.7584,3.7584,NaN,3.564,3.9852,4.4712,3.8556,3.8556,4.3092,3.726,3.9852,NaN,NaN,NaN,NaN,0.7452
26.244,NaN,NaN,NaN,NaN,NaN,28.5768,NaN,NaN,26.568,NaN,NaN,NaN,4.536,25.434,26.0172,NaN,NaN,NaN,9.3312,5.022,21.1572,18.7596,5.7348,NaN,17.5284,NaN,NaN,14.094,16.9128,NaN,NaN,NaN,NaN,9.8172,10.3356,NaN,15.4872,NaN,NaN,9.8172,NaN,NaN,5.2812,NaN,NaN,NaN,NaN,10.6272,NaN
11.4048,0.972,NaN,2.4948,NaN,NaN,7.8732,24.9804,8.8452,NaN,NaN,NaN,10.5948,NaN,NaN,12.8304,NaN,NaN,NaN,NaN,NaN,NaN,NaN,NaN,NaN,6.966,NaN,NaN,NaN,NaN,NaN,NaN,NaN,11.4696,18.3708,NaN,NaN,NaN,NaN,NaN,9.234,NaN,NaN,9.8172,NaN,NaN,NaN,NaN,8.1648,NaN
0.7452,NaN,NaN,NaN,NaN,NaN,NaN,NaN,NaN,NaN,NaN,NaN,NaN,1.8468,1.1988,NaN,1.5876,NaN,1.134,NaN,0.9072,NaN,NaN,0.972,0.7776,NaN,NaN,1.0692,1.0368,1.5552,1.0368,NaN,NaN,NaN,NaN,NaN,NaN,NaN,NaN,NaN,NaN,NaN,NaN,NaN,NaN,NaN,NaN,NaN,NaN,NaN
2.6244,3.7584,NaN,NaN,NaN,NaN,NaN,NaN,NaN,NaN,NaN,NaN,2.3976,NaN,10.1412,NaN,NaN,NaN,NaN,NaN,NaN,NaN,2.43,NaN,NaN,3.1428,NaN,NaN,3.1428,NaN,2.8188,NaN,NaN,NaN,NaN,NaN,NaN,2.9484,2.9808,3.1104,3.1752,3.3048,NaN,NaN,NaN,NaN,NaN,NaN,2.8188,NaN
5.3784,2.1708,1.2636,NaN,NaN,1.0368,NaN,NaN,1.4256,NaN,NaN,NaN,NaN,NaN,NaN,NaN,NaN,NaN,NaN,NaN,NaN,5.4756,NaN,NaN,NaN,NaN,1.1016,1.1016,4.1472,3.3048,NaN,1.5552,NaN,NaN,NaN,NaN,NaN,NaN,NaN,NaN,NaN,0.8424,NaN,1.0692,2.0736,NaN,2.43,NaN,NaN,NaN
8.1324,NaN,10.7244,NaN,NaN,NaN,NaN,NaN,NaN,5.0868,NaN,NaN,NaN,NaN,NaN,NaN,NaN,NaN,1.3284,5.0544,1.2636,NaN,NaN,NaN,NaN,1.7496,1.2636,1.3284,1.3608,NaN,0.8748,0.8424,0.81,NaN,NaN,NaN,1.1664,NaN,NaN,NaN,NaN,NaN,NaN,NaN,NaN,NaN,NaN,NaN,NaN,NaN
8.1,7.6464,NaN,8.5212,8.1324,NaN,7.452,8.2296,8.3268,8.3916,7.452,7.4196,8.0676,8.1972,7.8408,8.4888,7.8408,7.6464,8.1972,7.9704,7.8408,8.0028,8.0676,7.8084,8.3916,8.2296,7.9704,8.0028,8.4564,NaN,7.776,8.1,8.1972,8.0352,7.8084,7.938,7.8084,7.5492,7.9056,NaN,8.1648,7.776,7.614,7.4844,8.0352,8.0028,9.1044,8.0352,7.8084,7.29
20.574,28.2204,23.5224,NaN,33.6636,19.8288,NaN,16.7184,NaN,NaN,NaN,15.39,NaN,NaN,NaN,38.6856,26.5032,NaN,18.63,NaN,NaN,15.4224,NaN,23.004,NaN,20.2824,1.5228,43.9992,14.0292,19.4076,NaN,9.5256,NaN,NaN,NaN,0.8424,NaN,NaN,NaN,NaN,NaN,NaN,NaN,0.8424,NaN,NaN,NaN,NaN,NaN,NaN
1.1664,NaN,0.8424,NaN,NaN,0.8424,NaN,0.81,NaN,NaN,NaN,0.9072,1.458,0.7776,NaN,NaN,1.0368,NaN,NaN,NaN,NaN,NaN,NaN,NaN,NaN,NaN,0.7452,NaN,1.134,NaN,1.62,1.5228,0.7452,1.8792,0.972,NaN,1.1016,1.5552,1.3608,NaN,NaN,0.9396,NaN,NaN,NaN,NaN,NaN,NaN,NaN,NaN
40.4676,NaN,1.8144,NaN,1.0044,NaN,NaN,NaN,NaN,NaN,NaN,NaN,NaN,NaN,NaN,NaN,1.0692,NaN,NaN,NaN,1.3284,NaN,NaN,NaN,NaN,NaN,NaN,NaN,NaN,NaN,NaN,NaN,NaN,NaN,NaN,NaN,NaN,NaN,NaN,NaN,NaN,NaN,NaN,NaN,NaN,NaN,NaN,NaN,NaN,NaN
8.1324,7.2252,6.7392,7.0308,8.1972,7.4196,8.1648,7.4196,7.4196,7.0308,7.0956,6.9012,7.2252,7.0632,6.966,6.642,7.7436,6.9336,6.9336,NaN,7.6464,6.6096,6.3504,7.3872,7.3872,7.0956,6.3504,7.2252,7.3224,7.2252,7.1928,6.7716,6.4152,7.0632,6.9984,6.7716,6.2856,NaN,6.6744,6.6096,7.0632,6.8688,6.7392,6.804,6.966,6.804,NaN,6.0912,6.804,6.966
16.8156,28.5768,23.7816,26.6328,26.6976,NaN,16.3296,NaN,15.876,NaN,NaN,16.3296,15.6492,16.7184,16.7508,NaN,17.0748,17.6904,NaN,NaN,17.4312,NaN,15.4872,17.2368,NaN,NaN,18.2088,NaN,NaN,NaN,NaN,NaN,NaN,NaN,15.2928,NaN,NaN,NaN,NaN,NaN,NaN,NaN,NaN,NaN,14.8716,15.4872,NaN,NaN,1.1664,NaN
5.4432,NaN,5.8644,5.2488,6.1236,5.9616,6.0588,5.9616,6.0264,5.7996,NaN,NaN,5.9292,NaN,5.67,5.6052,5.8644,5.7348,NaN,5.5404,NaN,7.1604,6.9012,6.3504,5.7672,5.4756,6.0588,NaN,6.7716,11.5668,NaN,7.4196,5.7996,NaN,6.7068,11.2752,NaN,5.1516,NaN,4.1148,NaN,4.2444,NaN,6.2856,NaN,5.2812,3.8556,NaN,NaN,NaN
1.2312,NaN,NaN,NaN,0.8748,NaN,0.8424,0.8424,NaN,NaN,NaN,NaN,NaN,NaN,NaN,0.7452,NaN,NaN,NaN,NaN,NaN,0.9396,NaN,NaN,0.81,1.134,NaN,1.0692,0.8748,NaN,NaN,NaN,1.5552,1.3608,NaN,0.7452,NaN,NaN,NaN,NaN,0.9072,NaN,NaN,NaN,0.81,NaN,NaN,NaN,NaN,0.9396
5.508,5.4756,NaN,5.3784,NaN,5.6052,5.1516,5.67,5.022,5.8644,5.4756,4.9248,5.1192,5.4108,5.0868,5.3136,5.4756,5.022,5.3784,4.9572,5.2488,5.2488,5.3784,5.5728,5.2488,5.5728,5.3784,5.7996,5.4108,5.346,5.7024,5.1516,5.1192,5.2488,5.022,5.6052,5.1516,5.4756,NaN,4.536,5.6376,NaN,4.86,2.2032,5.2812,4.3092,4.6656,7.938,NaN,4.5036
47.4012,NaN,NaN,NaN,NaN,NaN,NaN,NaN,NaN,NaN,NaN,NaN,NaN,NaN,0.7776,NaN,NaN,NaN,NaN,NaN,NaN,NaN,NaN,NaN,NaN,NaN,NaN,NaN,NaN,NaN,NaN,NaN,NaN,NaN,NaN,NaN,NaN,NaN,NaN,NaN,NaN,NaN,NaN,NaN,NaN,NaN,NaN,NaN,NaN,NaN
1.9116,NaN,NaN,NaN,NaN,0.9396,NaN,NaN,NaN,NaN,NaN,NaN,NaN,0.8424,NaN,NaN,NaN,NaN,NaN,NaN,1.296,1.1016,NaN,NaN,NaN,NaN,NaN,0.9072,NaN,NaN,NaN,NaN,NaN,NaN,1.0044,NaN,NaN,NaN,1.2636,NaN,NaN,NaN,NaN,NaN,NaN,NaN,NaN,NaN,0.7452,NaN
5.4108,NaN,6.0912,6.2856,6.9336,NaN,6.2532,5.4756,5.9292,NaN,NaN,6.2208,6.2856,5.5404,NaN,5.2488,6.2532,5.4432,5.5404,5.1516,6.4152,5.4756,NaN,NaN,5.4432,8.0352,NaN,6.804,5.6052,NaN,5.2488,5.994,NaN,NaN,8.1324,8.5536,8.6184,NaN,NaN,7.29,9.2988,6.9012,6.4476,9.0396,7.452,6.318,6.642,6.804,6.3828,7.0308
2.2032,2.2356,2.5596,1.7496,2.1384,NaN,NaN,1.62,2.2032,NaN,NaN,NaN,NaN,NaN,NaN,NaN,1.458,2.1708,1.62,1.8144,2.1708,2.3004,1.62,NaN,2.3004,NaN,2.5272,NaN,1.8144,2.106,1.7496,NaN,NaN,1.3932,NaN,NaN,NaN,1.7496,1.944,1.4256,1.8792,NaN,NaN,NaN,NaN,NaN,NaN,NaN,NaN,NaN
12.5064,8.5536,NaN,14.2884,14.8392,3.6288,16.5888,3.402,3.5964,2.7864,NaN,NaN,NaN,15.8112,14.0616,NaN,NaN,13.3488,13.7376,13.6404,NaN,NaN,NaN,11.34,NaN,NaN,11.5344,NaN,13.0896,NaN,13.932,22.4856,NaN,10.2384,13.8024,13.608,NaN,10.7892,13.1544,10.5624,11.1456,17.334,NaN,NaN,11.6964,14.3208,NaN,NaN,NaN,NaN
0.7776,0.8748,NaN,NaN,4.6008,NaN,4.212,NaN,NaN,NaN,NaN,NaN,NaN,NaN,NaN,NaN,NaN,3.402,NaN,NaN,4.0824,NaN,NaN,4.1472,4.2768,0.81,NaN,NaN,3.564,0.9072,2.3004,NaN,3.4668,3.2076,4.1796,NaN,4.3416,5.022,2.1708,3.8556,3.9204,NaN,NaN,NaN,NaN,NaN,2.1384,NaN,NaN,3.9204
5.5404,6.318,5.8644,5.7996,6.8364,5.7996,5.6376,6.0912,6.8364,5.832,5.7672,6.5772,6.3504,6.5448,6.318,6.5124,6.9984,5.4108,5.7024,6.318,5.9616,5.7996,6.318,6.1884,6.2856,6.0588,5.832,6.5124,5.7024,6.4476,6.2856,5.2488,5.6052,6.7068,6.0264,5.9616,5.832,6.0588,6.48,5.7348,6.7392,6.3504,6.1236,6.2856,5.2488,5.4108,6.2532,6.2856,5.4432,5.7024
12.474,NaN,7.3224,NaN,NaN,NaN,10.368,NaN,11.2752,NaN,NaN,14.58,15.1956,15.3252,14.8716,NaN,13.4136,14.418,NaN,7.0956,12.636,NaN,8.7804,13.284,NaN,NaN,7.7436,NaN,NaN,NaN,NaN,NaN,NaN,NaN,10.7892,NaN,NaN,NaN,NaN,NaN,NaN,NaN,NaN,NaN,11.6964,11.502,NaN,NaN,NaN,NaN
0.8424,NaN,NaN,NaN,NaN,NaN,NaN,NaN,NaN,NaN,NaN,0.7452,NaN,NaN,NaN,NaN,NaN,NaN,NaN,NaN,NaN,NaN,NaN,NaN,NaN,NaN,NaN,NaN,NaN,NaN,NaN,NaN,NaN,NaN,NaN,NaN,NaN,NaN,NaN,NaN,NaN,NaN,NaN,NaN,NaN,NaN,NaN,NaN,NaN,NaN
9.6876,9.4608,8.9748,9.4284,9.4608,8.6184,8.7804,9.4932,9.4284,10.3032,9.2988,9.2016,9.8172,9.4932,10.1736,9.9792,9.4284,9.6876,10.4004,9.9144,10.8864,10.0764,10.1736,8.8128,10.5624,10.6272,11.2104,10.6596,4.4388,9.9792,10.0116,10.206,10.2708,10.368,9.5256,NaN,10.6596,3.4344,4.5684,11.0808,10.4976,NaN,NaN,4.4388,NaN,NaN,NaN,NaN,NaN,NaN
0.972,NaN,NaN,NaN,NaN,0.81,1.0044,NaN,NaN,NaN,NaN,NaN,NaN,NaN,NaN,NaN,NaN,NaN,NaN,0.972,NaN,NaN,1.2312,NaN,NaN,NaN,0.9396,NaN,NaN,NaN,NaN,NaN,1.1664,NaN,0.9072,NaN,0.7452,NaN,NaN,NaN,NaN,NaN,NaN,NaN,NaN,NaN,NaN,NaN,0.8424,NaN
10.53,10.4328,NaN,11.0484,NaN,7.0956,6.48,8.8128,17.2692,7.0632,7.1928,6.6096,9.8172,8.7804,7.3872,NaN,6.8364,NaN,4.7304,NaN,10.1412,NaN,8.3592,10.53,7.4844,6.9012,7.128,NaN,6.4476,5.8644,7.5168,NaN,NaN,12.8304,6.9336,9.6228,7.6788,10.2708,NaN,NaN,7.6464,7.4196,NaN,NaN,5.994,NaN,7.8084,6.6096,1.2636,NaN
2.3328,8.424,30.5856,14.256,NaN,24.0732,NaN,NaN,NaN,2.0412,NaN,9.3312,4.1148,NaN,3.3372,NaN,NaN,NaN,2.3652,2.3004,NaN,NaN,NaN,2.0736,1.62,0.8424,NaN,NaN,0.8424,1.5228,NaN,NaN,NaN,NaN,NaN,NaN,NaN,NaN,0.7776,NaN,NaN,NaN,NaN,NaN,NaN,NaN,NaN,NaN,NaN,NaN
0.8424,1.0692,1.1016,0.9396,NaN,1.0692,NaN,1.5876,1.1988,NaN,1.134,NaN,NaN,NaN,1.0692,NaN,0.9396,0.7776,NaN,NaN,NaN,NaN,NaN,NaN,NaN,NaN,0.7776,NaN,NaN,NaN,0.972,NaN,0.7776,NaN,NaN,0.8424,NaN,NaN,0.9396,0.8424,NaN,NaN,0.7776,NaN,NaN,0.8748,NaN,NaN,0.7776,NaN
1.0368,1.0044,NaN,NaN,NaN,NaN,NaN,NaN,NaN,1.1016,1.2312,NaN,1.7496,1.458,1.458,1.8792,1.9764,1.7496,1.6524,1.8792,1.782,1.7172,1.8468,1.1988,1.3284,1.2312,2.268,2.3328,2.1384,1.9764,0.972,2.0412,1.0692,2.3652,1.7496,2.3004,2.3652,1.458,2.3004,2.4948,1.5228,1.3284,2.754,2.8836,3.564,1.7172,1.2636,1.6848,3.4992,3.402
2.5596,2.0736,4.8924,2.43,4.212,3.6288,3.6612,1.5228,3.8556,4.7628,5.4432,4.1472,4.374,4.1472,4.2444,4.4712,4.4712,3.9204,4.1472,4.536,4.3416,2.8512,3.078,2.3976,2.3976,3.9528,3.5316,5.1516,4.4064,2.1708,NaN,NaN,4.1796,3.402,4.3092,1.62,2.3328,3.888,4.3416,2.2356,1.9764,1.9764,3.8232,NaN,NaN,2.754,2.0412,3.1752,1.944,2.1384
1.944,1.7496,NaN,2.1708,NaN,NaN,NaN,NaN,NaN,NaN,NaN,NaN,NaN,NaN,NaN,NaN,NaN,NaN,NaN,NaN,NaN,1.1016,NaN,0.9072,1.3608,NaN,NaN,NaN,NaN,1.1016,4.1796,4.6656,NaN,NaN,NaN,NaN,0.9072,NaN,NaN,0.9396,1.5228,0.8748,NaN,3.3696,3.4992,NaN,1.134,NaN,1.0692,1.3932
23.1336,NaN,NaN,NaN,NaN,NaN,NaN,NaN,NaN,NaN,26.6004,NaN,NaN,NaN,NaN,NaN,86.508,NaN,NaN,NaN,NaN,NaN,14.742,NaN,NaN,42.93,NaN,NaN,NaN,NaN,NaN,NaN,NaN,25.3044,NaN,NaN,NaN,NaN,NaN,NaN,NaN,NaN,NaN,NaN,NaN,NaN,NaN,NaN,7.7436,NaN
0.7452,NaN,NaN,NaN,NaN,NaN,NaN,NaN,NaN,NaN,NaN,NaN,0.972,NaN,NaN,NaN,NaN,NaN,NaN,NaN,NaN,NaN,NaN,NaN,NaN,NaN,NaN,NaN,NaN,NaN,NaN,NaN,NaN,NaN,NaN,NaN,NaN,NaN,NaN,NaN,NaN,NaN,NaN,NaN,NaN,NaN,NaN,NaN,NaN,NaN
23.976,25.0128,24.948,21.2868,19.116,19.6668,25.272,19.0836,24.0408,25.5312,24.3,24.6564,NaN,24.8508,17.7876,19.1484,24.948,19.7964,24.1704,19.8612,24.6564,18.9864,24.5916,17.5932,19.5696,18.5652,25.1748,18.6624,18.306,23.4576,17.7876,18.3384,17.4312,21.4488,18.6948,19.4076,18.3384,23.2632,22.9392,19.7316,16.7508,17.9172,19.3428,17.982,19.3752,NaN,17.658,18.8568,22.032,19.278
3.0132,NaN,NaN,NaN,NaN,NaN,NaN,6.0912,NaN,NaN,NaN,0.7452,NaN,NaN,NaN,6.1236,NaN,NaN,NaN,4.4712,NaN,6.5772,NaN,5.7348,NaN,6.4152,NaN,NaN,NaN,NaN,NaN,5.67,NaN,NaN,NaN,5.4432,NaN,NaN,NaN,5.0544,NaN,NaN,NaN,NaN,NaN,NaN,NaN,NaN,NaN,NaN
6.2208,6.0912,5.5728,5.0868,5.6052,7.0632,6.48,0.8424,5.4432,4.5036,6.6744,5.0868,NaN,5.7348,5.7672,4.9896,6.9984,6.3828,7.29,NaN,NaN,7.2576,7.29,7.9056,6.1884,6.318,NaN,NaN,6.156,4.9572,6.804,7.8732,5.8644,6.5448,6.0588,11.3076,9.9468,6.966,6.0264,6.3504,6.2208,8.1648,6.4476,6.6096,6.4152,5.5728,5.7348,6.7068,5.9616,7.3872
3.24,2.6892,2.8512,3.4668,3.9204,2.8188,3.078,3.078,2.7216,2.754,3.0456,NaN,NaN,2.592,3.0456,2.7216,2.6244,3.1104,2.7864,NaN,NaN,NaN,NaN,NaN,NaN,NaN,NaN,NaN,NaN,NaN,NaN,NaN,NaN,NaN,2.7864,2.3004,NaN,NaN,NaN,NaN,NaN,NaN,NaN,NaN,NaN,NaN,NaN,NaN,NaN,NaN
12.0528,14.4828,12.15,NaN,NaN,9.8172,21.06,7.8084,15.1308,9.072,14.0616,NaN,NaN,14.8716,7.7436,9.5904,8.3916,14.6124,NaN,6.8364,16.2324,7.0308,15.6492,9.1044,13.0896,8.8128,7.3224,13.5108,15.066,13.446,14.3532,8.1324,13.5432,NaN,2.3004,8.8776,NaN,14.6772,13.5108,7.8084,14.094,24.9804,14.7096,NaN,8.3916,15.0012,14.742,NaN,14.2884,NaN
41.0508,11.7612,11.0808,NaN,NaN,NaN,NaN,NaN,NaN,2.2356,NaN,NaN,NaN,12.15,NaN,NaN,NaN,NaN,NaN,1.7172,NaN,NaN,NaN,NaN,1.1664,NaN,NaN,NaN,NaN,NaN,NaN,NaN,NaN,NaN,NaN,5.6052,NaN,NaN,NaN,NaN,NaN,7.4196,NaN,NaN,5.4432,6.0912,4.7952,5.5728,NaN,NaN
24.3648,24.0732,14.58,NaN,25.6284,NaN,NaN,26.1468,30.6504,46.3968,NaN,34.02,24.3,NaN,NaN,15.4224,28.35,23.0688,NaN,21.222,NaN,NaN,NaN,NaN,24.948,NaN,7.938,25.8876,25.596,NaN,NaN,NaN,NaN,NaN,NaN,NaN,NaN,16.4592,NaN,NaN,NaN,9.8496,NaN,NaN,NaN,NaN,32.076,NaN,9.4932,NaN
4.6332,5.7996,6.156,7.6464,7.5168,6.3504,6.4476,NaN,6.0264,7.128,7.938,6.4152,NaN,9.5256,10.206,8.9748,6.966,5.1192,4.4388,2.268,2.106,2.5272,4.05,6.3828,2.3004,NaN,1.62,2.43,NaN,NaN,4.1148,3.1752,4.6656,3.4668,2.2032,NaN,NaN,4.6332,1.5876,2.2032,2.5596,2.916,4.2768,2.916,4.7304,5.4756,1.6848,0.8424,4.4712,NaN
1.4904,NaN,NaN,NaN,NaN,2.1384,2.9484,2.4624,1.7172,NaN,2.2356,3.1104,NaN,3.078,3.1428,NaN,2.3652,3.078,2.4624,2.9484,3.0456,2.7216,3.4668,2.6568,NaN,NaN,NaN,2.754,2.7216,3.6936,2.7216,2.4624,4.2444,3.1428,3.0456,3.3048,NaN,NaN,3.0132,3.24,3.1752,3.8556,2.592,NaN,3.5964,NaN,2.268,2.0736,NaN,3.0132
3.6288,NaN,NaN,5.7348,NaN,NaN,NaN,NaN,NaN,NaN,NaN,NaN,NaN,NaN,NaN,3.4344,NaN,NaN,NaN,NaN,NaN,NaN,NaN,NaN,NaN,NaN,0.7776,0.9072,NaN,NaN,NaN,NaN,1.2312,NaN,NaN,NaN,NaN,NaN,NaN,NaN,NaN,NaN,0.8424,NaN,NaN,NaN,NaN,NaN,NaN,NaN
5.4432,NaN,4.9248,NaN,NaN,NaN,NaN,NaN,3.1752,NaN,1.6524,NaN,NaN,NaN,4.86,2.8836,NaN,NaN,NaN,4.212,4.7628,4.6656,4.8276,1.9116,4.9572,NaN,5.6376,5.1516,5.184,4.7952,NaN,4.6008,4.6656,4.6008,1.8144,4.5036,2.0736,2.7864,5.1516,4.6656,4.2444,5.6376,4.374,5.508,5.6052,5.0868,5.2812,5.6376,5.184,4.6008
3.6936,3.9852,4.05,NaN,3.1752,2.9808,3.8556,3.1752,NaN,NaN,3.5964,3.8556,3.4992,NaN,3.402,3.9204,NaN,3.6936,NaN,4.0824,3.888,2.7864,3.564,4.4064,3.8232,3.078,3.6936,4.2444,2.8512,NaN,NaN,3.564,4.1472,3.7908,3.4668,3.6936,3.2076,NaN,3.7584,3.6288,4.536,NaN,3.4992,3.7908,4.0176,3.9204,3.6612,NaN,NaN,NaN
2.106,1.782,NaN,1.3608,0.972,NaN,NaN,0.8748,1.5228,0.7776,NaN,NaN,NaN,NaN,NaN,NaN,2.2032,5.8968,1.0368,2.0088,NaN,NaN,2.0088,NaN,4.4388,NaN,2.5596,6.966,1.0044,NaN,1.0692,1.6848,0.9396,2.0736,0.972,4.536,2.4624,2.0736,NaN,1.3932,1.8468,3.2076,1.8792,4.3092,3.0132,1.2312,NaN,2.43,NaN,NaN
0.8424,NaN,0.7452,1.1664,0.81,1.3932,NaN,NaN,NaN,NaN,NaN,NaN,NaN,NaN,NaN,1.2636,1.3284,NaN,0.8748,NaN,1.458,NaN,NaN,NaN,NaN,NaN,NaN,0.81,NaN,NaN,NaN,1.0044,NaN,NaN,NaN,NaN,NaN,NaN,NaN,NaN,NaN,1.134,NaN,NaN,NaN,NaN,NaN,NaN,NaN,NaN
13.932,1.944,1.6848,1.9116,NaN,2.1708,1.9764,NaN,NaN,NaN,2.0088,1.8792,1.62,NaN,NaN,NaN,NaN,14.8068,NaN,NaN,NaN,NaN,2.5272,NaN,1.782,NaN,1.9116,1.8792,NaN,NaN,2.0412,2.0412,NaN,NaN,NaN,NaN,NaN,NaN,NaN,NaN,NaN,NaN,NaN,NaN,NaN,NaN,NaN,NaN,2.0736,NaN
1.0044,0.81,NaN,NaN,NaN,1.0368,1.0044,NaN,0.7776,NaN,1.1988,0.972,1.0368,NaN,NaN,NaN,NaN,0.81,NaN,1.0368,NaN,NaN,1.0692,0.9396,1.0368,0.9396,NaN,0.7452,1.8144,NaN,0.81,NaN,NaN,NaN,NaN,0.7776,0.9072,1.3284,0.9396,NaN,NaN,NaN,0.8748,1.6848,NaN,1.0044,NaN,NaN,NaN,NaN
8.586,10.8216,15.228,2.916,NaN,8.5536,9.0072,8.6832,NaN,NaN,60.8472,NaN,NaN,10.9188,8.8776,NaN,7.9056,8.7156,NaN,6.5772,8.91,NaN,7.4196,9.234,12.1176,15.2928,7.9056,16.2,9.2016,17.1072,6.7068,NaN,NaN,7.5816,NaN,NaN,26.6004,NaN,9.2988,3.3048,NaN,NaN,8.1324,NaN,12.8304,NaN,NaN,27.4752,8.0028,NaN
21.4488,20.412,20.4768,20.9304,21.1248,20.6388,20.8008,21.2544,20.5416,19.0836,18.792,18.5976,20.9304,19.2132,18.792,20.736,19.2456,20.2176,21.1248,21.1572,20.9304,18.5652,17.2692,18.8892,18.8244,18.6624,19.0836,18.5004,19.0512,18.9216,19.278,17.496,18.0468,19.4724,15.4224,19.5048,18.4032,18.5328,20.736,18.6948,18.7272,18.7272,18.144,19.2132,13.7376,19.8288,18.3708,20.088,20.9304,19.0836
0.7452,NaN,NaN,NaN,NaN,NaN,NaN,NaN,NaN,NaN,NaN,0.7776,NaN,NaN,NaN,NaN,0.81,NaN,1.1664,NaN,NaN,NaN,0.9396,0.7452,NaN,NaN,NaN,NaN,0.8748,NaN,NaN,NaN,NaN,NaN,NaN,NaN,NaN,NaN,0.7776,NaN,NaN,NaN,NaN,NaN,NaN,NaN,NaN,NaN,NaN,NaN
4.698,4.4388,NaN,NaN,4.3416,NaN,NaN,NaN,NaN,NaN,NaN,NaN,NaN,20.7684,NaN,NaN,NaN,NaN,NaN,NaN,NaN,NaN,NaN,4.212,6.2208,NaN,NaN,4.4388,4.4064,4.5684,6.4476,NaN,NaN,NaN,4.4712,NaN,6.1884,4.5684,6.642,NaN,NaN,4.4388,NaN,NaN,4.7304,4.9896,4.4064,NaN,4.5684,4.6008
1.5876,1.458,1.4256,1.2312,1.3284,1.5552,1.458,1.4904,1.3932,1.62,1.458,1.458,1.4904,1.62,1.5876,1.4904,1.4904,1.7172,1.9116,1.296,1.8792,1.296,1.2636,1.5552,1.4904,1.5552,1.458,1.5228,1.4904,1.458,1.5228,1.2636,1.4904,1.62,1.8792,1.5552,1.6848,1.62,1.62,1.5552,1.4256,1.6848,1.3284,1.4256,1.5876,1.4904,1.458,1.5228,1.5876,1.296
1.7496,NaN,NaN,1.6848,NaN,NaN,1.944,1.944,1.3932,NaN,1.3284,NaN,1.0044,1.2312,1.4904,NaN,1.2312,1.0368,1.0044,NaN,NaN,NaN,NaN,NaN,NaN,1.782,1.62,1.782,1.4904,1.4904,NaN,2.0412,NaN,1.4256,0.972,NaN,NaN,NaN,1.9764,NaN,NaN,NaN,NaN,1.0692,NaN,1.4256,1.3932,NaN,NaN,2.3328
9.0072,10.1736,9.4608,NaN,8.6508,NaN,NaN,10.2384,9.2664,2.1708,10.0764,8.6508,7.8084,NaN,NaN,9.2664,9.558,8.586,NaN,7.128,8.3592,NaN,10.1736,8.9748,7.9056,NaN,11.3076,NaN,NaN,7.7436,8.0028,6.642,6.318,8.2296,6.2208,9.2016,NaN,NaN,NaN,NaN,NaN,NaN,10.9188,NaN,11.2428,5.0868,5.8644,8.424,NaN,8.1972
7.2252,NaN,0.81,4.4712,8.1,5.4756,NaN,5.67,NaN,9.072,7.6788,7.614,7.5816,NaN,NaN,8.1324,6.9012,NaN,7.0956,NaN,7.0308,7.1604,3.4668,3.6612,NaN,NaN,NaN,NaN,NaN,6.156,NaN,NaN,NaN,NaN,7.8732,NaN,NaN,NaN,NaN,8.1,6.7068,NaN,6.9984,5.2488,7.8732,NaN,6.2208,NaN,NaN,7.5168
3.1104,4.8276,2.8188,2.2356,NaN,NaN,NaN,4.8924,NaN,11.2428,NaN,NaN,NaN,NaN,NaN,NaN,NaN,NaN,NaN,100.3752,NaN,4.2444,NaN,5.0544,2.916,NaN,4.4712,4.536,4.3416,NaN,4.212,NaN,NaN,NaN,NaN,NaN,NaN,NaN,NaN,NaN,3.564,NaN,NaN,NaN,NaN,NaN,NaN,NaN,2.8512,NaN
0.7776,0.9072,NaN,NaN,0.7452,0.9396,NaN,NaN,NaN,1.7496,NaN,NaN,NaN,NaN,NaN,NaN,NaN,NaN,NaN,0.8424,NaN,1.5552,0.972,NaN,1.7172,1.62,1.9116,1.4904,1.5552,NaN,NaN,NaN,0.7452,NaN,1.3608,NaN,NaN,NaN,NaN,NaN,NaN,NaN,NaN,NaN,NaN,NaN,NaN,NaN,NaN,NaN
22.2264,1.0368,NaN,NaN,NaN,NaN,NaN,NaN,NaN,NaN,NaN,NaN,NaN,NaN,NaN,NaN,NaN,NaN,NaN,NaN,NaN,NaN,NaN,NaN,NaN,NaN,NaN,NaN,NaN,NaN,NaN,NaN,NaN,NaN,NaN,NaN,NaN,NaN,NaN,NaN,NaN,NaN,NaN,NaN,NaN,NaN,NaN,NaN,NaN,NaN
1.9764,2.0088,2.3328,2.3328,2.106,2.6568,2.2356,2.1708,2.268,2.4624,2.106,2.3328,2.2032,2.3004,2.6568,2.1384,2.3976,2.1708,2.3004,2.2032,2.4948,2.3976,NaN,2.0088,2.2032,NaN,2.3004,2.43,2.43,2.2032,2.6568,2.0088,2.2356,2.3328,2.5596,2.8188,2.3652,2.6568,2.592,2.3652,2.916,2.2032,2.43,2.0088,2.2356,1.944,2.2356,2.3652,2.3976,2.268
6.2532,5.184,4.698,NaN,4.536,4.7952,NaN,3.4344,NaN,4.4712,NaN,5.4108,NaN,NaN,5.0544,1.0044,3.9528,4.698,4.5684,4.2768,NaN,4.9896,NaN,4.3416,NaN,NaN,NaN,NaN,NaN,7.1928,NaN,NaN,NaN,56.1492,NaN,4.3092,NaN,NaN,NaN,2.8512,5.4756,NaN,NaN,NaN,4.4712,NaN,NaN,NaN,2.8512,4.6332
19.8612,15.8112,15.066,NaN,16.038,15.6492,9.882,16.7508,14.8068,14.9364,NaN,NaN,30.7476,NaN,NaN,9.6552,9.7524,NaN,10.5624,NaN,NaN,13.1868,NaN,13.284,NaN,NaN,NaN,NaN,NaN,NaN,NaN,NaN,NaN,NaN,20.5092,NaN,NaN,NaN,NaN,NaN,NaN,NaN,NaN,NaN,NaN,NaN,NaN,NaN,NaN,NaN
2.0088,1.0044,1.3284,1.1664,NaN,1.1664,1.2312,1.458,1.1016,1.4256,13.0572,1.1016,1.0368,1.0368,NaN,1.3608,1.3284,1.3284,1.4904,1.134,NaN,1.0044,1.3608,1.458,1.4904,1.4904,1.0044,1.0692,1.134,1.3608,NaN,2.4624,0.7452,0.9072,1.62,1.2636,1.0044,1.1016,2.0736,1.0368,NaN,0.972,1.2312,1.1988,NaN,0.9396,NaN,NaN,NaN,1.62
1.296,1.3284,1.0044,1.1664,1.1016,0.972,1.2636,1.1016,1.2636,1.1988,1.0692,1.1016,1.2636,1.3284,1.0044,NaN,1.1664,1.134,0.972,1.134,1.0692,1.1988,1.296,1.1016,0.9072,1.1664,1.2312,1.1664,1.296,1.134,1.2312,1.0044,1.4256,1.0044,1.1988,1.0692,1.0368,1.134,1.2312,1.2312,1.1016,1.134,1.134,1.1664,1.1664,1.134,1.2312,1.1988,1.134,1.0368
0.9072,NaN,NaN,NaN,NaN,0.8748,NaN,NaN,NaN,NaN,NaN,1.1016,1.62,NaN,NaN,NaN,NaN,NaN,NaN,NaN,NaN,NaN,NaN,NaN,NaN,0.9396,NaN,1.3608,NaN,1.4904,NaN,NaN,NaN,NaN,NaN,NaN,0.7776,NaN,NaN,1.5876,NaN,NaN,NaN,NaN,1.62,2.7864,NaN,4.212,2.8836,NaN
3.3696,2.1708,1.7172,NaN,2.9484,1.4256,NaN,NaN,NaN,NaN,NaN,NaN,NaN,2.8512,NaN,2.3976,NaN,NaN,NaN,NaN,NaN,NaN,1.8144,2.0088,NaN,NaN,1.944,NaN,NaN,NaN,NaN,NaN,NaN,1.3932,4.212,NaN,1.1016,1.944,NaN,NaN,NaN,NaN,6.4476,NaN,NaN,NaN,NaN,NaN,NaN,NaN
9.558,8.9748,10.1412,10.53,9.9792,9.9144,10.1088,NaN,9.882,9.2016,10.044,9.72,10.4976,9.6876,9.4284,10.0764,10.0116,9.4608,9.72,9.8496,10.368,9.4608,9.8172,9.1368,8.748,9.3312,8.9424,NaN,9.6876,9.3636,10.1736,10.044,10.7892,10.0116,10.3356,NaN,9.72,9.9144,10.6272,10.0764,10.0116,10.4652,9.9144,10.1088,9.9792,10.1088,9.882,9.1692,9.72,10.1412
18.3708,1.0692,NaN,NaN,NaN,NaN,NaN,NaN,0.7776,NaN,NaN,NaN,7.5168,NaN,NaN,NaN,NaN,24.138,NaN,NaN,NaN,NaN,NaN,NaN,NaN,25.4664,NaN,NaN,15.2928,NaN,NaN,NaN,NaN,NaN,NaN,NaN,NaN,NaN,NaN,NaN,NaN,NaN,NaN,NaN,NaN,14.8716,NaN,NaN,NaN,NaN
20.4444,NaN,NaN,NaN,NaN,NaN,NaN,26.1468,9.882,NaN,NaN,NaN,10.1412,NaN,NaN,NaN,NaN,NaN,4.2768,NaN,5.7024,7.0632,NaN,NaN,NaN,5.9292,NaN,NaN,NaN,6.5124,NaN,4.4064,NaN,NaN,4.0176,NaN,NaN,3.7584,NaN,NaN,NaN,NaN,NaN,NaN,NaN,NaN,NaN,NaN,NaN,NaN
2.0088,1.7496,2.106,NaN,1.6848,2.1708,1.8468,NaN,1.782,2.2356,2.0412,1.8144,2.268,NaN,1.1988,1.4256,NaN,2.268,2.3004,0.7776,2.0736,2.43,1.1988,NaN,2.6568,NaN,NaN,NaN,NaN,0.81,2.0088,1.5876,2.8512,3.24,NaN,NaN,2.0412,NaN,1.8144,NaN,1.6524,1.8468,NaN,NaN,NaN,NaN,NaN,2.1384,NaN,1.3284
14.3208,14.742,16.2648,14.58,14.3532,14.904,14.6124,15.228,14.7096,14.2236,15.876,NaN,13.8348,16.2648,14.2884,15.2928,14.3208,14.2884,14.9688,15.9732,14.1588,15.1956,14.8068,14.8068,14.094,14.7744,14.0292,NaN,13.8996,15.066,14.1912,14.0292,14.6124,14.1588,14.3208,14.8716,14.418,13.7052,15.4548,13.6404,13.446,13.8672,14.9364,13.3488,13.5108,14.0616,13.8672,13.0896,12.4092,13.1868
1.2636,0.9072,NaN,NaN,NaN,1.4256,1.3284,1.4256,6.9012,NaN,1.5876,NaN,NaN,1.1988,1.4256,NaN,NaN,1.62,NaN,NaN,NaN,1.9764,NaN,1.1988,1.6848,NaN,1.2312,2.0088,1.6848,NaN,NaN,1.2636,NaN,NaN,1.458,1.5228,1.4904,1.6848,1.8792,1.296,0.8748,1.782,NaN,1.944,2.0412,1.0368,NaN,1.62,2.5596,2.3976
3.1104,4.0176,NaN,2.6244,2.3328,2.43,3.8556,NaN,3.5964,NaN,NaN,NaN,NaN,NaN,3.3048,NaN,3.3048,NaN,NaN,3.3372,3.1104,3.7584,NaN,4.2444,NaN,NaN,NaN,NaN,3.24,NaN,4.212,4.1796,NaN,2.7216,NaN,NaN,5.1192,NaN,NaN,5.67,3.3372,3.402,NaN,NaN,NaN,4.212,NaN,NaN,NaN,5.67
12.5388,13.8348,NaN,12.4416,13.122,6.2532,37.4868,15.552,9.1368,14.4504,NaN,NaN,NaN,15.1632,12.798,15.066,NaN,11.4696,13.5756,13.446,NaN,NaN,NaN,13.122,18.63,NaN,11.0484,18.7596,12.0204,NaN,12.4092,NaN,NaN,37.2924,NaN,NaN,NaN,NaN,11.6964,12.3768,13.608,11.5344,NaN,24.1704,5.7996,NaN,9.6552,NaN,NaN,NaN
1.3608,1.5876,0.8748,NaN,1.0044,NaN,0.9396,NaN,0.7776,1.3932,NaN,NaN,NaN,NaN,NaN,NaN,NaN,NaN,NaN,NaN,NaN,NaN,NaN,NaN,NaN,NaN,0.7776,NaN,NaN,NaN,NaN,NaN,NaN,NaN,NaN,0.9072,NaN,NaN,NaN,NaN,NaN,NaN,NaN,NaN,NaN,0.8748,NaN,0.7452,NaN,NaN
11.6316,10.5948,1.5876,11.7288,10.044,10.0764,NaN,11.2104,8.9748,8.0028,NaN,9.3312,6.0912,6.8688,10.3356,8.91,NaN,6.8688,12.6684,6.2532,7.1928,10.0116,NaN,10.4328,10.2708,10.8216,10.1088,10.5624,5.3136,NaN,NaN,9.2016,8.424,NaN,10.6596,8.6832,NaN,NaN,NaN,9.1044,NaN,NaN,NaN,11.826,NaN,NaN,NaN,NaN,NaN,NaN
8.1,8.262,7.7436,8.2944,8.1648,8.5212,7.9056,8.0676,7.8408,8.0676,8.0352,8.0028,7.4196,7.4844,7.6788,7.938,7.7436,7.9056,7.4844,7.6788,8.3592,7.8732,8.1648,7.776,7.7112,8.1324,7.9704,8.262,7.8408,7.8408,8.2296,7.7436,8.586,7.8084,8.1,8.1,7.8732,7.452,7.8408,7.7436,8.5212,7.8732,7.9056,7.7112,7.8084,7.9704,8.0352,7.9056,8.424,7.8408
0.9072,NaN,NaN,NaN,NaN,NaN,NaN,NaN,1.3932,NaN,NaN,1.458,NaN,0.81,NaN,1.2312,NaN,NaN,NaN,NaN,NaN,NaN,NaN,0.9396,NaN,NaN,NaN,0.8424,NaN,NaN,NaN,NaN,NaN,NaN,NaN,NaN,NaN,NaN,NaN,NaN,NaN,NaN,NaN,NaN,NaN,NaN,NaN,NaN,NaN,NaN
16.8804,7.9056,NaN,NaN,3.078,NaN,6.5772,NaN,NaN,3.24,NaN,12.6036,NaN,4.7952,NaN,NaN,7.128,3.4992,12.2796,11.5992,9.4932,5.2812,10.1088,10.4976,9.2664,10.0764,NaN,NaN,10.368,10.53,NaN,6.5772,9.2016,8.7156,5.6376,10.2708,NaN,6.4152,NaN,2.3976,NaN,4.7952,9.4284,NaN,8.0028,9.234,3.6612,NaN,6.1884,6.5448
1.4904,1.4904,1.5552,1.3932,1.5552,1.3608,1.458,1.296,1.5228,1.3284,1.296,1.3284,1.3932,1.296,1.2636,1.4904,1.458,1.296,1.458,1.4904,1.5876,1.4904,1.458,1.458,1.3608,1.296,1.2636,1.5228,1.2636,1.5552,1.3932,1.296,1.3608,1.3932,1.3608,1.3608,1.2636,1.4256,1.1664,1.2636,1.4256,1.3284,1.2312,1.3284,1.296,1.3932,1.1664,1.3284,1.3284,1.4256
0.8748,NaN,3.1104,1.2312,1.3608,1.4904,2.2356,NaN,NaN,1.1016,NaN,1.4904,NaN,0.9396,1.1988,1.1664,0.8748,2.592,1.62,0.9396,1.458,1.6524,2.2032,0.972,4.2444,0.8424,2.0412,NaN,NaN,NaN,1.5228,0.972,3.2076,NaN,2.592,1.5876,0.9396,4.7628,3.7584,NaN,0.9072,NaN,1.5228,1.296,1.1664,NaN,1.4904,1.5876,NaN,2.3652
15.5196,NaN,14.5476,NaN,13.122,13.8672,14.3208,NaN,15.7464,NaN,NaN,14.2236,NaN,13.284,NaN,12.4092,NaN,NaN,NaN,13.4784,14.6448,NaN,NaN,14.6772,12.8952,NaN,NaN,13.8348,NaN,13.122,12.9924,13.1868,18.2736,12.7332,16.4268,13.5756,12.7332,NaN,13.8996,13.5108,NaN,NaN,12.3444,NaN,12.7008,12.636,13.2192,NaN,12.96,NaN
12.2472,13.3164,5.4432,NaN,1.5552,NaN,NaN,NaN,NaN,NaN,18.7272,NaN,NaN,1.782,4.0176,NaN,NaN,NaN,NaN,NaN,NaN,NaN,NaN,NaN,NaN,5.7996,NaN,2.5272,4.698,NaN,10.4652,9.1044,NaN,11.178,1.0044,2.5272,NaN,NaN,NaN,NaN,NaN,NaN,NaN,NaN,NaN,NaN,NaN,16.6536,NaN,NaN
2.8512,4.0824,3.564,2.3652,2.0088,3.1752,2.0088,2.5596,2.106,NaN,2.3328,2.2032,3.6612,2.8836,3.3696,4.3416,NaN,NaN,8.7156,3.1752,2.916,3.4668,3.3696,3.2724,1.782,2.0088,NaN,3.4344,NaN,2.1708,1.2312,2.6244,1.6524,2.0412,2.2356,1.9116,NaN,2.8836,2.3976,2.2032,3.0132,NaN,3.0132,2.106,2.0736,1.8468,1.7172,1.4904,1.9116,NaN
2.5596,2.9808,3.6936,2.7864,3.078,NaN,3.1752,2.6244,3.3696,5.346,2.4948,2.6568,3.0132,3.1752,2.6892,NaN,NaN,2.9484,NaN,2.5596,3.1752,2.9808,3.1752,3.402,2.8836,2.7216,6.9012,NaN,2.6892,NaN,2.592,2.8836,4.3416,3.564,NaN,NaN,6.2856,2.8512,3.6936,3.2724,2.8188,NaN,2.9484,2.754,3.24,3.9852,3.1752,3.5964,3.3372,5.2812
NaN,1.1664,0.7776,NaN,NaN,NaN,0.8748,NaN,NaN,NaN,1.2636,NaN,1.2636,NaN,NaN,NaN,NaN,NaN,NaN,NaN,NaN,NaN,NaN,NaN,NaN,NaN,NaN,NaN,NaN,NaN,NaN,NaN,NaN,NaN,NaN,NaN,NaN,NaN,NaN,NaN,NaN,NaN,NaN,NaN,NaN,NaN,NaN,NaN,NaN,NaN
NaN,9.6552,8.2944,NaN,9.2664,NaN,10.7892,9.9144,11.0484,8.5212,9.72,NaN,NaN,7.6788,8.1972,10.044,7.8732,8.5536,NaN,8.8128,NaN,8.4888,NaN,NaN,NaN,7.5168,8.2296,7.3224,8.9424,7.9704,9.5256,6.7068,7.8408,NaN,6.2532,11.0808,8.3916,6.7716,11.7936,11.3724,10.206,NaN,9.558,10.8864,10.2384,NaN,10.8216,10.1412,NaN,NaN
NaN,3.2076,NaN,4.4712,NaN,NaN,NaN,3.3696,4.5684,4.7628,5.2488,4.536,4.1148,4.698,4.05,NaN,NaN,NaN,NaN,4.5684,4.7628,4.4712,NaN,4.9248,4.7628,NaN,4.7952,4.2768,NaN,1.6848,2.6244,2.4948,NaN,NaN,3.078,3.3048,NaN,4.3416,3.1104,3.1104,3.4344,3.8556,4.05,NaN,4.6656,NaN,NaN,5.0868,4.3092,4.8924
NaN,21.1248,NaN,1.458,NaN,1.1988,NaN,NaN,NaN,NaN,NaN,NaN,NaN,NaN,0.972,NaN,1.134,NaN,NaN,34.6032,NaN,23.6196,21.0924,NaN,NaN,NaN,NaN,NaN,NaN,NaN,NaN,NaN,NaN,NaN,NaN,26.1468,NaN,NaN,NaN,NaN,NaN,NaN,NaN,NaN,NaN,NaN,NaN,NaN,NaN,NaN
NaN,50.0904,NaN,54.594,49.248,51.192,57.8988,NaN,61.6248,55.3068,NaN,NaN,NaN,NaN,51.84,NaN,NaN,NaN,NaN,NaN,NaN,NaN,NaN,50.706,NaN,NaN,NaN,51.03,49.9284,NaN,51.6132,NaN,NaN,NaN,NaN,NaN,NaN,NaN,50.4792,NaN,NaN,NaN,53.3304,50.9652,NaN,NaN,NaN,58.7412,NaN,NaN
NaN,5.9292,7.2576,11.1456,13.8348,NaN,NaN,11.2428,13.4136,NaN,NaN,10.7568,5.67,5.2164,NaN,NaN,NaN,12.312,11.3076,NaN,6.6744,NaN,NaN,NaN,NaN,NaN,NaN,14.7096,NaN,NaN,13.7052,2.592,NaN,NaN,NaN,NaN,NaN,NaN,39.366,NaN,NaN,3.24,1.3608,2.0412,3.0132,NaN,2.7864,NaN,NaN,1.944
NaN,1.296,NaN,NaN,NaN,NaN,NaN,1.5552,1.5228,NaN,1.0692,1.134,NaN,NaN,NaN,NaN,NaN,NaN,NaN,1.0692,NaN,NaN,NaN,1.2636,NaN,1.0692,NaN,0.8424,1.1016,NaN,NaN,NaN,NaN,1.0044,NaN,NaN,1.4256,NaN,0.9396,NaN,NaN,NaN,1.296,NaN,NaN,NaN,NaN,1.1988,0.8748,NaN
NaN,18.0792,17.4636,16.6536,13.3812,NaN,NaN,10.1736,14.9364,NaN,NaN,13.3164,21.384,13.3812,NaN,NaN,NaN,15.552,13.2516,NaN,9.3312,NaN,NaN,6.2856,NaN,NaN,NaN,7.3224,NaN,NaN,10.9836,NaN,9.7524,10.0764,NaN,NaN,4.86,NaN,13.1868,NaN,NaN,14.418,10.1736,NaN,8.1972,7.938,8.5212,NaN,NaN,7.8084
NaN,19.4724,17.82,7.0632,15.8112,6.9336,NaN,NaN,NaN,NaN,NaN,8.0352,NaN,NaN,NaN,NaN,NaN,NaN,NaN,1.3284,NaN,15.714,NaN,16.8804,NaN,NaN,17.0748,NaN,NaN,NaN,16.038,NaN,NaN,NaN,NaN,NaN,NaN,NaN,NaN,NaN,NaN,NaN,15.6816,NaN,NaN,NaN,20.8008,NaN,NaN,NaN
NaN,82.1016,3.6612,3.24,3.1104,NaN,2.9484,NaN,3.24,NaN,1.1664,0.7776,NaN,NaN,NaN,0.972,NaN,NaN,NaN,NaN,0.8424,NaN,NaN,NaN,NaN,1.0692,NaN,NaN,NaN,0.8748,NaN,NaN,NaN,NaN,NaN,NaN,NaN,NaN,NaN,NaN,NaN,NaN,NaN,NaN,0.9396,NaN,0.7776,NaN,NaN,1.0692
NaN,2.9484,NaN,2.6892,NaN,NaN,NaN,NaN,NaN,NaN,NaN,NaN,7.8084,NaN,NaN,10.4976,14.8068,NaN,9.9792,NaN,NaN,NaN,9.1368,NaN,NaN,NaN,NaN,NaN,NaN,NaN,9.882,8.3592,NaN,NaN,NaN,NaN,NaN,NaN,NaN,NaN,NaN,NaN,NaN,1.4904,NaN,NaN,9.9468,1.6524,1.4256,NaN
NaN,4.6008,0.81,NaN,NaN,NaN,NaN,NaN,NaN,3.7908,NaN,4.0176,NaN,NaN,NaN,NaN,NaN,NaN,NaN,NaN,NaN,NaN,NaN,4.0824,NaN,NaN,NaN,NaN,NaN,NaN,NaN,NaN,4.3092,3.5964,NaN,NaN,NaN,4.536,4.7304,4.3092,NaN,NaN,NaN,4.9248,NaN,NaN,NaN,NaN,5.3784,NaN
NaN,2.5596,1.782,2.5272,NaN,NaN,2.754,2.4624,NaN,NaN,NaN,2.106,2.0088,NaN,NaN,NaN,2.3004,NaN,NaN,2.6568,NaN,2.5596,NaN,2.592,NaN,NaN,NaN,NaN,2.6892,2.2032,NaN,2.754,2.592,2.8836,NaN,2.5272,2.3004,2.2356,1.9764,NaN,NaN,2.4624,1.9116,NaN,NaN,NaN,NaN,NaN,NaN,NaN
NaN,5.1192,NaN,4.7952,10.7892,NaN,5.022,NaN,4.8276,NaN,NaN,NaN,NaN,NaN,NaN,NaN,NaN,NaN,NaN,NaN,NaN,NaN,5.8644,NaN,NaN,4.212,NaN,4.3092,4.212,NaN,4.9248,5.1192,4.86,NaN,4.86,5.2164,4.4388,NaN,NaN,4.5036,4.9248,NaN,4.8276,NaN,5.7024,NaN,NaN,4.3416,3.9852,NaN
NaN,6.9012,6.7392,1.296,5.8644,6.156,10.044,6.1236,6.156,5.508,5.832,5.508,6.0264,6.804,6.5448,5.0544,5.508,NaN,10.1736,6.8364,5.0544,6.804,5.022,NaN,NaN,5.3136,4.374,10.5948,NaN,9.6876,6.6744,2.5272,NaN,3.4344,3.4344,NaN,NaN,NaN,3.0132,NaN,NaN,NaN,NaN,NaN,NaN,NaN,3.1428,NaN,0.9072,NaN
NaN,10.0764,9.6552,53.946,10.6596,NaN,10.53,10.8864,9.6228,10.0116,10.9836,8.6508,8.8776,7.7436,9.0396,NaN,8.3592,7.938,8.0676,8.7156,8.0352,NaN,NaN,NaN,8.586,8.0676,NaN,NaN,8.1648,8.5212,NaN,8.1972,NaN,8.0352,NaN,30.3912,NaN,3.5964,NaN,NaN,NaN,NaN,NaN,NaN,NaN,NaN,NaN,NaN,NaN,NaN
NaN,54.9504,38.9448,NaN,NaN,NaN,NaN,NaN,NaN,57.3804,NaN,2.0088,NaN,NaN,NaN,NaN,NaN,NaN,NaN,1.1664,1.3284,1.3608,1.2312,1.1016,1.4256,1.8468,NaN,NaN,NaN,1.5876,1.9764,1.5552,NaN,NaN,2.4948,NaN,NaN,NaN,1.944,7.1604,NaN,NaN,NaN,NaN,NaN,2.754,1.9116,NaN,1.9764,3.6612
NaN,1.62,NaN,NaN,16.0704,NaN,NaN,NaN,NaN,NaN,NaN,3.6288,NaN,4.86,NaN,NaN,3.7584,NaN,2.106,4.4064,NaN,NaN,NaN,NaN,NaN,NaN,3.1752,NaN,NaN,NaN,NaN,NaN,NaN,NaN,NaN,NaN,NaN,NaN,NaN,2.5272,NaN,NaN,NaN,NaN,3.6288,3.8232,2.9808,3.9528,2.7864,NaN
NaN,1.3284,7.5816,3.7584,1.5228,8.0352,0.7452,3.9852,6.6744,NaN,8.424,NaN,6.9984,NaN,11.988,12.2148,NaN,8.8452,6.3828,NaN,7.9056,8.5536,NaN,3.9204,NaN,2.916,NaN,4.1796,NaN,7.5168,NaN,4.0824,NaN,NaN,3.24,8.586,3.3372,3.8556,3.9852,NaN,3.5316,2.8188,9.6876,NaN,NaN,NaN,NaN,NaN,NaN,4.0176
NaN,7.7436,4.4388,NaN,3.402,3.3696,4.5684,NaN,4.1148,12.4092,4.1148,3.402,NaN,NaN,NaN,NaN,NaN,NaN,NaN,7.0956,NaN,NaN,11.5344,7.2252,NaN,NaN,NaN,9.072,8.5536,NaN,13.6404,4.1148,9.3312,3.9204,3.6936,NaN,NaN,3.726,8.1972,NaN,3.6936,7.776,NaN,10.7892,5.3136,NaN,4.4388,2.8188,4.6656,NaN
NaN,38.1996,2.106,NaN,NaN,NaN,NaN,NaN,NaN,NaN,NaN,NaN,NaN,2.9484,NaN,NaN,NaN,NaN,NaN,NaN,NaN,NaN,1.1016,NaN,NaN,NaN,NaN,NaN,NaN,NaN,NaN,NaN,NaN,NaN,NaN,NaN,NaN,NaN,NaN,NaN,NaN,NaN,NaN,NaN,NaN,NaN,NaN,NaN,NaN,NaN
NaN,5.7996,5.9616,6.3504,7.614,6.156,5.9616,5.7348,6.7392,6.2208,6.4152,5.7996,6.6744,6.0912,6.2208,5.8644,6.5772,NaN,5.6376,5.832,5.9292,5.7024,NaN,6.2208,6.2208,5.7672,5.5728,5.5728,12.6684,6.2208,6.1236,6.2856,5.508,NaN,5.994,5.1516,6.4152,5.6376,6.0264,6.2856,6.6744,6.1884,6.4152,6.3504,5.7672,5.7996,5.7024,5.2812,6.4476,6.3504
NaN,3.6936,4.0176,4.374,NaN,NaN,NaN,5.4432,NaN,1.3284,NaN,NaN,4.6008,4.2768,5.7348,4.5684,NaN,NaN,NaN,1.296,NaN,NaN,0.7776,NaN,NaN,NaN,NaN,0.8424,3.3372,NaN,NaN,NaN,0.7776,NaN,NaN,NaN,NaN,NaN,NaN,12.1824,6.9336,NaN,NaN,NaN,NaN,1.5552,NaN,NaN,2.4624,NaN
NaN,34.7004,NaN,39.5604,1.4256,NaN,9.3636,NaN,NaN,NaN,NaN,NaN,NaN,8.1972,NaN,6.7068,NaN,NaN,NaN,NaN,8.1648,3.8556,NaN,NaN,NaN,NaN,NaN,NaN,5.3136,3.4344,NaN,2.7216,6.48,40.7916,NaN,NaN,NaN,NaN,4.1472,NaN,NaN,5.0544,NaN,36.5472,NaN,NaN,NaN,NaN,NaN,NaN
NaN,2.268,NaN,3.0456,NaN,NaN,NaN,NaN,NaN,NaN,35.2836,NaN,NaN,NaN,4.3092,3.6612,NaN,2.2356,3.9528,1.8792,2.6892,0.9072,3.9852,NaN,0.81,3.1104,2.268,2.0412,3.6936,1.1664,NaN,NaN,4.3092,2.3976,1.1988,1.7496,NaN,2.268,NaN,2.3004,3.0132,0.81,NaN,1.782,2.0736,NaN,1.134,NaN,NaN,NaN
NaN,0.9072,NaN,0.81,NaN,NaN,NaN,NaN,NaN,NaN,NaN,NaN,NaN,NaN,NaN,NaN,NaN,1.4904,0.8748,NaN,NaN,NaN,NaN,NaN,NaN,NaN,0.7776,0.8748,2.3328,0.7452,0.9396,NaN,0.81,NaN,NaN,NaN,NaN,NaN,0.9072,NaN,NaN,0.7776,NaN,NaN,NaN,NaN,NaN,NaN,NaN,0.7776
NaN,15.2604,32.562,14.0292,15.1632,16.4592,NaN,NaN,NaN,18.5328,16.1676,17.3016,NaN,18.468,15.5844,17.4636,13.7052,10.854,9.1044,15.9732,NaN,NaN,16.7508,17.172,18.2736,2.3652,15.714,NaN,15.9084,NaN,15.0012,NaN,NaN,NaN,4.5036,NaN,NaN,NaN,NaN,NaN,NaN,NaN,15.5196,NaN,NaN,NaN,13.8348,NaN,NaN,NaN
NaN,18.144,NaN,24.7212,NaN,NaN,5.67,NaN,NaN,NaN,NaN,18.2736,NaN,NaN,17.496,NaN,NaN,NaN,NaN,19.926,NaN,NaN,21.0276,16.5888,16.2,NaN,14.8068,NaN,NaN,NaN,17.172,NaN,NaN,10.53,76.626,17.982,8.6832,13.6728,10.4652,NaN,23.1012,22.9068,NaN,NaN,NaN,NaN,23.1336,4.8924,NaN,NaN
NaN,45.198,NaN,47.8872,NaN,NaN,NaN,NaN,NaN,NaN,NaN,NaN,51.8076,NaN,57.2832,NaN,NaN,NaN,NaN,NaN,NaN,23.3928,NaN,NaN,NaN,NaN,NaN,NaN,NaN,NaN,NaN,NaN,NaN,NaN,NaN,23.3928,NaN,NaN,NaN,NaN,NaN,NaN,NaN,NaN,NaN,30.9096,NaN,NaN,NaN,21.7404
NaN,1.0044,0.81,1.4904,1.0692,1.4904,0.9396,1.8792,1.3284,1.0368,NaN,NaN,NaN,1.296,1.9116,1.4904,NaN,NaN,NaN,3.3372,1.5228,0.9396,1.296,1.0044,NaN,2.0088,2.2032,1.0368,1.458,NaN,NaN,0.9072,NaN,NaN,NaN,0.7776,NaN,1.458,1.6848,NaN,NaN,2.8836,NaN,NaN,2.1384,NaN,1.1988,1.8792,NaN,NaN
NaN,1.944,1.7172,1.0368,NaN,NaN,NaN,1.458,NaN,NaN,NaN,NaN,NaN,NaN,NaN,NaN,NaN,NaN,NaN,NaN,NaN,NaN,NaN,NaN,NaN,0.81,1.1016,NaN,NaN,NaN,NaN,NaN,NaN,NaN,NaN,NaN,NaN,NaN,NaN,NaN,NaN,NaN,NaN,NaN,NaN,NaN,NaN,NaN,NaN,NaN
NaN,NaN,0.9396,0.8748,NaN,NaN,NaN,NaN,NaN,NaN,NaN,NaN,NaN,0.8424,NaN,NaN,NaN,NaN,NaN,NaN,NaN,NaN,NaN,NaN,NaN,NaN,NaN,NaN,NaN,NaN,NaN,NaN,NaN,NaN,NaN,NaN,NaN,NaN,NaN,NaN,NaN,NaN,NaN,NaN,NaN,NaN,NaN,NaN,NaN,NaN
NaN,NaN,0.81,NaN,NaN,NaN,NaN,NaN,NaN,NaN,NaN,NaN,0.7776,NaN,NaN,NaN,NaN,NaN,NaN,NaN,NaN,NaN,NaN,NaN,NaN,NaN,0.81,NaN,NaN,NaN,NaN,NaN,NaN,NaN,NaN,NaN,NaN,NaN,NaN,0.81,NaN,NaN,NaN,NaN,NaN,NaN,NaN,NaN,NaN,NaN
NaN,NaN,0.81,NaN,NaN,NaN,1.1988,NaN,NaN,NaN,0.9072,NaN,NaN,1.1988,NaN,NaN,NaN,1.1988,NaN,NaN,0.972,NaN,NaN,NaN,NaN,NaN,NaN,NaN,0.8748,0.7776,NaN,NaN,NaN,NaN,NaN,NaN,NaN,NaN,NaN,0.972,1.3284,NaN,1.0044,NaN,1.3608,0.9072,1.0044,NaN,NaN,1.0692
NaN,NaN,1.134,NaN,NaN,NaN,NaN,NaN,NaN,0.9396,0.8424,NaN,NaN,NaN,0.8424,0.81,NaN,NaN,NaN,NaN,NaN,NaN,NaN,NaN,NaN,NaN,NaN,NaN,NaN,NaN,NaN,NaN,NaN,NaN,NaN,NaN,NaN,NaN,NaN,NaN,NaN,NaN,NaN,NaN,NaN,NaN,NaN,NaN,NaN,NaN
NaN,NaN,2.43,NaN,17.8524,NaN,NaN,0.972,16.7832,NaN,NaN,15.6492,15.0336,NaN,NaN,NaN,18.9216,NaN,NaN,NaN,NaN,15.8112,24.5916,24.9156,NaN,10.9836,20.574,9.5904,13.6728,NaN,NaN,22.194,13.8024,NaN,17.7876,18.7272,18.7596,11.664,NaN,NaN,16.4268,21.8376,13.8024,20.8008,11.502,NaN,15.2604,11.4048,14.4828,14.5476
NaN,NaN,4.4064,NaN,NaN,NaN,NaN,NaN,NaN,4.0824,37.908,NaN,NaN,NaN,NaN,3.7908,NaN,NaN,34.0524,NaN,30.7152,NaN,NaN,NaN,NaN,1.5552,NaN,NaN,NaN,0.81,2.4948,NaN,0.81,2.3328,2.4948,2.0088,NaN,1.2636,NaN,NaN,NaN,NaN,1.1664,NaN,NaN,2.9808,NaN,1.944,NaN,NaN
NaN,NaN,5.0544,NaN,NaN,NaN,NaN,NaN,NaN,NaN,21.8052,NaN,5.9616,NaN,6.156,NaN,NaN,NaN,NaN,NaN,NaN,NaN,NaN,NaN,5.0868,NaN,NaN,NaN,NaN,NaN,NaN,4.6332,NaN,NaN,NaN,NaN,NaN,NaN,13.446,NaN,NaN,8.424,NaN,5.8968,NaN,NaN,NaN,NaN,NaN,NaN
NaN,NaN,9.7848,NaN,NaN,NaN,NaN,NaN,NaN,NaN,NaN,NaN,NaN,11.826,NaN,NaN,10.2708,NaN,NaN,NaN,NaN,NaN,NaN,NaN,NaN,14.6124,NaN,NaN,NaN,NaN,NaN,NaN,9.7524,NaN,NaN,9.9144,NaN,NaN,NaN,NaN,NaN,NaN,NaN,NaN,NaN,NaN,NaN,NaN,NaN,2.7864
NaN,NaN,53.8164,7.8084,3.3696,3.4992,3.2076,NaN,NaN,NaN,7.3872,NaN,NaN,NaN,NaN,3.888,NaN,NaN,3.9852,NaN,4.7304,3.3696,NaN,NaN,21.9024,NaN,22.7448,NaN,NaN,NaN,NaN,NaN,NaN,NaN,NaN,NaN,NaN,NaN,NaN,NaN,NaN,NaN,NaN,NaN,NaN,NaN,NaN,NaN,NaN,NaN
NaN,NaN,34.02,NaN,NaN,NaN,NaN,20.0232,NaN,NaN,20.9628,NaN,20.2176,21.8376,NaN,19.4724,21.1572,NaN,20.8008,19.9908,20.898,NaN,19.44,NaN,NaN,NaN,20.1852,19.6344,NaN,NaN,19.7964,18.5976,19.3752,NaN,NaN,NaN,NaN,NaN,NaN,NaN,NaN,19.2456,NaN,NaN,NaN,NaN,0.8748,NaN,NaN,NaN
NaN,NaN,8.0676,8.1972,NaN,7.8408,NaN,7.29,7.7112,7.1928,NaN,NaN,NaN,NaN,NaN,NaN,NaN,NaN,NaN,NaN,NaN,NaN,NaN,NaN,15.228,19.9908,NaN,NaN,NaN,NaN,NaN,NaN,NaN,17.9172,NaN,NaN,NaN,16.2972,NaN,NaN,NaN,NaN,NaN,NaN,NaN,NaN,NaN,NaN,NaN,NaN
NaN,NaN,0.7452,NaN,NaN,NaN,NaN,NaN,NaN,NaN,NaN,NaN,NaN,NaN,NaN,0.8424,NaN,NaN,NaN,NaN,NaN,NaN,NaN,NaN,NaN,NaN,NaN,NaN,NaN,NaN,NaN,NaN,NaN,NaN,NaN,NaN,NaN,NaN,NaN,NaN,NaN,NaN,NaN,NaN,NaN,NaN,NaN,NaN,NaN,NaN
NaN,NaN,15.7788,16.362,NaN,28.3176,14.8068,NaN,NaN,14.9688,14.7744,14.6124,NaN,NaN,15.8112,16.0056,17.5608,14.0616,16.2324,24.6888,20.8332,NaN,17.0424,15.066,14.9364,14.1912,NaN,22.356,15.1956,15.3252,15.5196,12.6684,NaN,NaN,12.6684,16.1028,13.4136,NaN,NaN,NaN,NaN,14.6448,16.6212,NaN,NaN,17.8848,15.9408,15.3252,15.0012,NaN
NaN,NaN,21.6108,20.412,NaN,NaN,25.8876,NaN,39.1068,NaN,1.3608,NaN,NaN,NaN,NaN,NaN,NaN,19.0188,NaN,NaN,NaN,15.0012,NaN,NaN,NaN,NaN,NaN,NaN,1.5552,NaN,NaN,NaN,NaN,NaN,NaN,NaN,NaN,NaN,NaN,NaN,NaN,NaN,NaN,NaN,NaN,3.6936,NaN,NaN,NaN,NaN
NaN,NaN,20.8656,18.7596,24.9156,6.8364,30.4236,19.5048,28.7388,22.356,NaN,NaN,NaN,NaN,47.304,21.9996,NaN,NaN,NaN,NaN,NaN,30.9096,NaN,30.4884,NaN,NaN,NaN,NaN,28.9332,NaN,NaN,35.0244,49.2804,NaN,NaN,NaN,NaN,NaN,NaN,NaN,NaN,37.8756,NaN,NaN,NaN,NaN,NaN,NaN,NaN,45.7488
NaN,NaN,20.1852,NaN,22.194,26.892,27.7344,26.244,21.222,21.6108,NaN,25.4016,29.0628,NaN,17.01,NaN,21.708,16.9128,16.6536,NaN,18.2736,18.7596,NaN,19.0188,NaN,17.4636,NaN,NaN,16.1352,NaN,NaN,16.2648,17.2692,NaN,16.6212,16.4916,27.3456,NaN,NaN,16.2648,15.2604,18.2088,16.6212,NaN,16.6212,14.5152,16.2324,18.3384,17.7552,16.3944
NaN,NaN,2.6892,NaN,NaN,NaN,NaN,0.8748,NaN,NaN,NaN,NaN,NaN,NaN,NaN,NaN,NaN,NaN,NaN,NaN,NaN,NaN,NaN,NaN,1.3608,NaN,NaN,NaN,NaN,NaN,NaN,NaN,NaN,NaN,NaN,NaN,NaN,NaN,NaN,NaN,NaN,NaN,NaN,NaN,NaN,NaN,NaN,NaN,NaN,NaN
NaN,NaN,64.5408,NaN,NaN,NaN,NaN,NaN,NaN,NaN,NaN,NaN,1.458,NaN,NaN,NaN,NaN,9.0396,NaN,NaN,60.0372,NaN,NaN,NaN,6.1236,NaN,NaN,NaN,NaN,65.4156,NaN,52.5204,NaN,NaN,NaN,NaN,1.2636,NaN,NaN,NaN,NaN,NaN,NaN,6.3504,9.7524,NaN,NaN,0.81,NaN,1.2312
NaN,NaN,10.53,NaN,7.6788,NaN,NaN,13.6728,13.0572,6.2208,10.9188,NaN,12.5064,4.2444,NaN,8.9748,NaN,NaN,NaN,NaN,NaN,2.8836,NaN,NaN,NaN,NaN,NaN,NaN,NaN,NaN,NaN,NaN,NaN,NaN,NaN,NaN,0.9072,1.296,2.7216,0.9396,1.3608,2.3652,NaN,NaN,0.8748,NaN,2.268,NaN,1.1016,1.7172
NaN,NaN,1.1664,10.0764,2.5596,9.7524,7.2252,3.078,NaN,8.8128,NaN,NaN,1.0368,NaN,NaN,NaN,NaN,NaN,NaN,NaN,NaN,NaN,NaN,NaN,3.888,1.1988,NaN,3.4992,5.022,NaN,NaN,NaN,NaN,NaN,NaN,3.078,NaN,3.1752,5.4108,NaN,NaN,3.726,1.296,3.5316,NaN,NaN,NaN,NaN,NaN,NaN
NaN,NaN,NaN,0.7776,NaN,NaN,NaN,NaN,NaN,NaN,NaN,NaN,1.0368,NaN,NaN,NaN,23.4252,26.244,NaN,NaN,NaN,NaN,NaN,NaN,NaN,25.5312,NaN,NaN,24.5916,NaN,5.6052,NaN,NaN,NaN,NaN,NaN,NaN,NaN,NaN,NaN,NaN,NaN,NaN,NaN,5.6376,NaN,NaN,NaN,NaN,NaN
NaN,NaN,NaN,0.7452,NaN,NaN,NaN,NaN,NaN,NaN,NaN,NaN,NaN,NaN,NaN,NaN,NaN,NaN,NaN,1.0368,NaN,NaN,NaN,NaN,NaN,NaN,NaN,NaN,NaN,NaN,NaN,NaN,NaN,NaN,NaN,NaN,NaN,NaN,NaN,NaN,NaN,NaN,NaN,NaN,NaN,NaN,NaN,NaN,NaN,NaN
NaN,NaN,NaN,9.1692,8.424,NaN,25.7256,25.9524,NaN,25.9848,21.9996,NaN,10.1412,NaN,NaN,NaN,NaN,23.5548,20.7684,27.54,26.73,NaN,NaN,9.8496,NaN,7.128,23.7168,22.7772,6.0588,NaN,27.8964,0.8424,NaN,NaN,NaN,NaN,NaN,NaN,NaN,8.424,NaN,NaN,NaN,NaN,NaN,NaN,26.6976,26.7624,NaN,NaN
NaN,NaN,NaN,12.2796,NaN,NaN,NaN,NaN,28.998,NaN,NaN,NaN,NaN,30.3912,27.6372,21.9348,28.9008,NaN,NaN,NaN,NaN,NaN,NaN,14.0292,NaN,NaN,0.9072,NaN,NaN,28.8036,NaN,10.2384,13.8672,NaN,NaN,16.6536,0.81,NaN,NaN,NaN,NaN,NaN,14.0616,NaN,14.1912,NaN,NaN,0.81,6.7716,NaN
NaN,NaN,NaN,3.564,NaN,NaN,4.86,3.6612,NaN,3.726,3.888,NaN,NaN,NaN,NaN,NaN,NaN,3.9852,4.1472,NaN,NaN,4.6332,NaN,4.0824,NaN,2.6892,5.3136,4.6008,5.1192,NaN,1.8468,5.508,NaN,4.3092,NaN,NaN,2.3976,NaN,4.8924,NaN,NaN,NaN,NaN,NaN,NaN,NaN,NaN,NaN,NaN,NaN
NaN,NaN,NaN,35.316,NaN,NaN,23.004,NaN,23.0688,28.9008,20.736,NaN,24.6564,27.216,30.618,NaN,NaN,0.7452,NaN,NaN,NaN,NaN,NaN,NaN,NaN,NaN,NaN,NaN,NaN,NaN,NaN,NaN,NaN,NaN,NaN,NaN,NaN,NaN,NaN,NaN,NaN,NaN,NaN,NaN,NaN,NaN,NaN,NaN,NaN,NaN
NaN,NaN,NaN,2.3328,2.4948,2.916,NaN,NaN,NaN,NaN,NaN,NaN,NaN,NaN,NaN,NaN,NaN,NaN,NaN,NaN,NaN,NaN,NaN,NaN,NaN,NaN,NaN,NaN,NaN,NaN,NaN,NaN,NaN,NaN,NaN,NaN,NaN,NaN,NaN,NaN,NaN,NaN,NaN,NaN,NaN,NaN,NaN,NaN,NaN,NaN
NaN,NaN,NaN,1.2312,NaN,NaN,4.536,4.6008,4.3092,NaN,3.8556,5.4108,4.7304,NaN,NaN,NaN,NaN,NaN,1.1988,5.4756,NaN,NaN,NaN,NaN,NaN,NaN,NaN,NaN,4.9572,NaN,5.1516,NaN,NaN,NaN,4.5036,4.5684,36.7416,NaN,NaN,NaN,4.9896,0.81,NaN,5.7672,NaN,NaN,NaN,4.374,NaN,NaN
NaN,NaN,NaN,31.0392,NaN,NaN,NaN,NaN,NaN,NaN,NaN,NaN,NaN,NaN,30.5208,NaN,NaN,NaN,NaN,NaN,NaN,34.7004,NaN,32.9508,29.646,NaN,NaN,NaN,27.6372,28.6092,NaN,NaN,NaN,NaN,NaN,27.2808,NaN,27.702,27.9612,NaN,29.3868,NaN,27.702,27.8316,29.5164,29.808,NaN,NaN,28.1232,NaN
NaN,NaN,NaN,0.7452,0.8424,NaN,2.3328,NaN,NaN,NaN,NaN,NaN,NaN,NaN,NaN,NaN,NaN,NaN,NaN,NaN,NaN,NaN,NaN,NaN,NaN,NaN,NaN,NaN,NaN,NaN,NaN,NaN,NaN,NaN,NaN,NaN,NaN,NaN,NaN,NaN,NaN,NaN,NaN,NaN,NaN,NaN,NaN,NaN,NaN,NaN
NaN,NaN,NaN,34.9596,33.5016,NaN,NaN,NaN,NaN,NaN,NaN,NaN,NaN,NaN,NaN,31.0068,NaN,NaN,NaN,NaN,NaN,NaN,NaN,NaN,NaN,NaN,1.9764,37.8756,46.4292,NaN,NaN,NaN,NaN,15.6492,11.4048,NaN,NaN,20.6064,NaN,NaN,NaN,NaN,NaN,NaN,18.9864,NaN,NaN,NaN,47.3364,31.266
NaN,NaN,NaN,15.4548,NaN,NaN,NaN,NaN,17.982,NaN,NaN,NaN,NaN,NaN,NaN,NaN,NaN,NaN,NaN,NaN,NaN,NaN,NaN,42.7356,NaN,NaN,NaN,NaN,NaN,NaN,NaN,31.8816,NaN,2.6892,NaN,NaN,NaN,6.3504,NaN,NaN,NaN,5.7024,6.5124,7.0632,NaN,NaN,NaN,NaN,NaN,NaN
NaN,NaN,NaN,7.7112,NaN,NaN,NaN,NaN,NaN,7.2576,NaN,10.692,NaN,NaN,NaN,NaN,NaN,NaN,NaN,50.3496,NaN,NaN,NaN,NaN,NaN,NaN,44.55,NaN,NaN,NaN,NaN,NaN,NaN,NaN,18.0144,13.5756,NaN,13.608,NaN,NaN,NaN,NaN,NaN,NaN,NaN,17.334,NaN,NaN,NaN,NaN
NaN,NaN,NaN,61.0416,NaN,NaN,NaN,NaN,34.182,97.6212,NaN,NaN,NaN,NaN,NaN,NaN,NaN,NaN,NaN,NaN,NaN,45.846,NaN,NaN,NaN,NaN,NaN,NaN,NaN,NaN,55.2744,NaN,NaN,NaN,NaN,NaN,0.8748,NaN,NaN,NaN,NaN,NaN,NaN,NaN,NaN,NaN,NaN,NaN,NaN,NaN
NaN,NaN,NaN,2.106,1.9764,NaN,NaN,NaN,NaN,NaN,NaN,NaN,NaN,NaN,NaN,NaN,NaN,5.4432,NaN,NaN,NaN,NaN,NaN,3.5316,1.944,NaN,NaN,3.6288,5.022,NaN,5.5728,NaN,NaN,2.916,4.6656,NaN,NaN,NaN,NaN,4.6008,NaN,NaN,2.43,NaN,3.8232,4.0176,4.6008,1.6848,0.9396,5.022
NaN,NaN,NaN,6.8688,NaN,NaN,NaN,NaN,NaN,NaN,NaN,9.1692,NaN,NaN,NaN,NaN,NaN,NaN,NaN,NaN,NaN,NaN,NaN,NaN,NaN,NaN,NaN,NaN,NaN,NaN,NaN,NaN,NaN,NaN,NaN,NaN,NaN,NaN,NaN,NaN,NaN,NaN,NaN,NaN,NaN,NaN,NaN,NaN,NaN,NaN
NaN,NaN,NaN,72.8676,NaN,NaN,NaN,NaN,NaN,NaN,NaN,NaN,NaN,NaN,24.1056,NaN,NaN,NaN,NaN,NaN,NaN,NaN,NaN,0.8424,NaN,NaN,NaN,NaN,NaN,2.3652,NaN,NaN,NaN,2.754,2.916,NaN,3.2076,NaN,NaN,NaN,11.3724,NaN,NaN,NaN,NaN,NaN,NaN,NaN,2.4624,2.9484
NaN,NaN,NaN,8.262,NaN,9.2988,9.0396,9.2016,9.7848,9.4608,9.4932,9.396,8.1,8.424,8.3592,9.0072,10.206,9.6228,9.8496,9.8496,9.6552,10.4004,10.0764,9.9792,9.1368,9.2988,9.72,9.7848,9.234,9.882,10.368,9.6876,9.3312,9.6876,9.558,9.4608,8.5536,8.6184,9.5256,9.3312,8.8776,10.2708,9.4932,9.882,9.5904,9.4284,9.882,8.586,8.6832,9.072
NaN,NaN,NaN,1.2636,0.9072,0.9396,NaN,0.9396,NaN,0.8424,NaN,NaN,NaN,0.8748,1.0044,0.9396,NaN,NaN,NaN,1.134,NaN,NaN,NaN,NaN,NaN,NaN,2.2356,NaN,NaN,NaN,NaN,NaN,NaN,NaN,NaN,1.1988,NaN,NaN,NaN,NaN,NaN,0.9072,NaN,NaN,NaN,NaN,NaN,NaN,NaN,NaN
NaN,NaN,NaN,NaN,1.458,3.6936,1.6848,1.8468,NaN,NaN,NaN,NaN,NaN,NaN,4.2768,1.296,0.9072,1.1988,1.782,1.6524,1.8144,1.5876,1.2312,1.3284,NaN,1.296,1.3284,NaN,NaN,1.62,1.6848,NaN,NaN,1.1988,NaN,NaN,NaN,NaN,1.134,NaN,1.1988,1.4904,NaN,NaN,NaN,NaN,NaN,NaN,NaN,NaN
NaN,NaN,NaN,NaN,16.362,NaN,NaN,NaN,NaN,NaN,NaN,NaN,18.3384,NaN,20.0556,NaN,NaN,NaN,17.8848,NaN,NaN,NaN,NaN,NaN,16.6212,NaN,19.5372,12.7008,NaN,NaN,16.362,16.5888,17.8524,19.764,12.5064,NaN,NaN,NaN,NaN,NaN,NaN,NaN,15.1308,NaN,NaN,NaN,17.2368,NaN,NaN,NaN
NaN,NaN,NaN,NaN,15.2928,NaN,0.9072,NaN,NaN,NaN,NaN,NaN,NaN,NaN,NaN,NaN,NaN,NaN,NaN,NaN,NaN,NaN,NaN,NaN,NaN,NaN,NaN,NaN,NaN,NaN,NaN,NaN,NaN,NaN,NaN,NaN,NaN,NaN,NaN,NaN,NaN,NaN,NaN,NaN,NaN,NaN,NaN,NaN,NaN,NaN
NaN,NaN,NaN,NaN,7.0632,NaN,NaN,NaN,2.0088,NaN,NaN,NaN,NaN,NaN,0.7452,NaN,4.05,NaN,NaN,NaN,0.81,NaN,NaN,NaN,NaN,1.0692,1.7496,3.888,NaN,3.8232,NaN,NaN,5.994,NaN,NaN,NaN,NaN,NaN,1.0692,1.1988,3.0456,NaN,2.6244,NaN,1.6524,1.1664,NaN,NaN,NaN,NaN
NaN,NaN,NaN,NaN,9.396,NaN,NaN,NaN,NaN,NaN,4.5036,4.2768,NaN,NaN,NaN,34.3116,41.31,33.4044,3.2724,NaN,NaN,NaN,NaN,NaN,NaN,NaN,NaN,6.9012,NaN,NaN,34.344,NaN,NaN,32.238,NaN,3.2076,NaN,NaN,NaN,NaN,NaN,NaN,NaN,NaN,2.3004,NaN,NaN,NaN,NaN,NaN
NaN,NaN,NaN,NaN,8.1972,NaN,NaN,NaN,4.3416,NaN,NaN,NaN,NaN,NaN,NaN,NaN,NaN,NaN,NaN,NaN,NaN,NaN,0.9396,NaN,NaN,NaN,5.6052,NaN,NaN,NaN,NaN,NaN,NaN,NaN,4.7952,NaN,NaN,7.9056,NaN,30.8448,30.5532,NaN,NaN,6.1236,NaN,NaN,NaN,NaN,NaN,NaN
NaN,NaN,NaN,NaN,15.6816,NaN,NaN,NaN,NaN,NaN,NaN,NaN,NaN,NaN,NaN,NaN,NaN,NaN,NaN,NaN,NaN,NaN,28.4796,NaN,NaN,NaN,NaN,11.016,NaN,NaN,NaN,NaN,NaN,NaN,NaN,NaN,NaN,NaN,NaN,NaN,0.7776,NaN,NaN,NaN,NaN,NaN,NaN,NaN,NaN,NaN
NaN,NaN,NaN,NaN,6.5124,NaN,NaN,NaN,NaN,2.2032,NaN,NaN,NaN,NaN,NaN,NaN,NaN,NaN,NaN,NaN,NaN,8.1648,NaN,NaN,8.6184,8.5212,NaN,NaN,NaN,NaN,7.3224,NaN,NaN,3.2076,NaN,NaN,NaN,NaN,68.1372,NaN,NaN,NaN,NaN,NaN,NaN,NaN,NaN,NaN,NaN,NaN
NaN,NaN,NaN,NaN,0.81,0.8748,NaN,NaN,NaN,NaN,NaN,NaN,NaN,NaN,NaN,NaN,NaN,NaN,NaN,NaN,NaN,NaN,0.8424,NaN,NaN,NaN,NaN,NaN,NaN,NaN,NaN,NaN,NaN,NaN,NaN,0.81,NaN,NaN,NaN,NaN,NaN,NaN,NaN,NaN,NaN,NaN,NaN,NaN,NaN,NaN
NaN,NaN,NaN,NaN,8.6184,NaN,0.7776,NaN,9.6552,NaN,NaN,0.9072,NaN,1.296,NaN,NaN,NaN,1.3284,NaN,NaN,NaN,NaN,NaN,NaN,NaN,NaN,16.0704,NaN,NaN,NaN,NaN,NaN,NaN,NaN,NaN,1.2312,NaN,8.3268,NaN,NaN,0.81,NaN,NaN,NaN,NaN,NaN,1.4904,NaN,NaN,NaN
NaN,NaN,NaN,NaN,84.564,77.2092,NaN,87.48,NaN,NaN,NaN,54.6912,14.0292,NaN,78.0192,NaN,NaN,NaN,NaN,NaN,80.19,NaN,NaN,NaN,NaN,NaN,52.0992,NaN,NaN,NaN,NaN,45.2952,106.2072,NaN,48.4704,NaN,2.7216,NaN,NaN,8.5536,NaN,21.1896,15.9408,NaN,25.3368,NaN,23.2308,2.7864,2.7864,NaN
NaN,NaN,NaN,NaN,NaN,135.4968,42.5412,NaN,NaN,NaN,NaN,NaN,NaN,44.3556,NaN,NaN,80.4816,NaN,NaN,NaN,NaN,NaN,NaN,NaN,NaN,34.2792,NaN,NaN,NaN,NaN,NaN,42.93,22.1292,NaN,NaN,NaN,NaN,NaN,NaN,73.9044,NaN,NaN,NaN,NaN,NaN,NaN,NaN,72.6084,NaN,NaN
NaN,NaN,NaN,NaN,NaN,0.8748,0.7776,NaN,NaN,NaN,NaN,NaN,NaN,NaN,NaN,NaN,NaN,NaN,NaN,NaN,NaN,NaN,NaN,NaN,NaN,NaN,NaN,NaN,NaN,NaN,NaN,NaN,NaN,NaN,NaN,NaN,NaN,NaN,NaN,NaN,NaN,NaN,NaN,NaN,NaN,NaN,NaN,NaN,NaN,NaN
NaN,NaN,NaN,NaN,NaN,89.6508,105.3972,NaN,109.1556,NaN,NaN,NaN,90.8172,NaN,NaN,NaN,NaN,NaN,NaN,NaN,NaN,NaN,NaN,NaN,NaN,23.166,NaN,NaN,13.932,NaN,69.8868,NaN,NaN,NaN,15.0984,13.2516,NaN,NaN,NaN,NaN,NaN,NaN,37.0656,NaN,NaN,NaN,NaN,NaN,NaN,NaN
NaN,NaN,NaN,NaN,NaN,2.6568,NaN,NaN,9.5256,16.3944,NaN,8.6184,9.9144,NaN,NaN,NaN,8.8128,NaN,NaN,11.4048,NaN,NaN,4.4064,NaN,NaN,2.106,NaN,2.7216,NaN,NaN,NaN,NaN,NaN,NaN,NaN,NaN,NaN,NaN,NaN,1.3284,3.0132,NaN,NaN,NaN,NaN,4.5036,7.7436,NaN,NaN,NaN
NaN,NaN,NaN,NaN,NaN,7.0308,NaN,NaN,NaN,NaN,NaN,NaN,NaN,NaN,19.8612,NaN,20.1204,NaN,NaN,NaN,NaN,NaN,NaN,NaN,NaN,NaN,22.6152,NaN,NaN,NaN,NaN,NaN,NaN,NaN,NaN,NaN,NaN,NaN,NaN,NaN,NaN,NaN,NaN,NaN,NaN,NaN,NaN,NaN,NaN,NaN
NaN,NaN,NaN,NaN,NaN,34.0848,14.8068,NaN,NaN,NaN,NaN,NaN,NaN,39.4308,NaN,NaN,NaN,NaN,38.1672,NaN,16.4916,29.646,NaN,NaN,NaN,17.2044,NaN,NaN,NaN,8.1324,8.7156,22.8096,NaN,NaN,NaN,NaN,NaN,NaN,NaN,31.1688,NaN,NaN,NaN,NaN,NaN,NaN,NaN,NaN,NaN,NaN
NaN,NaN,NaN,NaN,NaN,16.6536,NaN,NaN,NaN,24.138,NaN,20.7684,NaN,NaN,12.96,NaN,NaN,NaN,NaN,15.5844,NaN,13.0572,NaN,11.34,NaN,NaN,NaN,NaN,NaN,NaN,NaN,NaN,NaN,NaN,NaN,NaN,12.5064,20.9952,NaN,11.0808,13.9644,13.3812,19.7964,NaN,NaN,NaN,NaN,NaN,12.0852,11.5992
NaN,NaN,NaN,NaN,NaN,5.2812,NaN,NaN,1.5552,NaN,NaN,2.268,23.5872,NaN,1.5228,NaN,NaN,NaN,NaN,NaN,NaN,NaN,NaN,NaN,NaN,2.6244,NaN,NaN,NaN,NaN,NaN,5.184,NaN,NaN,NaN,NaN,NaN,NaN,NaN,NaN,NaN,NaN,NaN,NaN,3.402,NaN,NaN,NaN,9.9792,26.9892
NaN,NaN,NaN,NaN,NaN,NaN,0.7452,NaN,NaN,NaN,0.9396,NaN,NaN,NaN,NaN,0.9072,0.81,NaN,NaN,NaN,NaN,NaN,NaN,NaN,NaN,1.0692,NaN,NaN,1.2636,NaN,NaN,NaN,NaN,NaN,NaN,NaN,NaN,0.9072,NaN,NaN,NaN,NaN,NaN,NaN,0.9072,1.5552,1.0368,NaN,1.1016,1.1016
NaN,NaN,NaN,NaN,NaN,NaN,0.8748,NaN,NaN,NaN,NaN,NaN,NaN,0.7776,NaN,NaN,0.7452,NaN,NaN,NaN,NaN,NaN,NaN,NaN,NaN,NaN,NaN,NaN,NaN,NaN,NaN,NaN,NaN,NaN,NaN,NaN,NaN,NaN,NaN,NaN,NaN,NaN,NaN,NaN,NaN,NaN,NaN,NaN,NaN,NaN
NaN,NaN,NaN,NaN,NaN,NaN,87.9012,NaN,NaN,NaN,NaN,NaN,72.3168,NaN,NaN,73.8396,NaN,NaN,11.5668,16.524,NaN,6.2532,10.0116,NaN,NaN,NaN,NaN,16.9776,NaN,22.2264,NaN,NaN,NaN,6.3504,NaN,NaN,NaN,NaN,NaN,NaN,NaN,6.804,NaN,14.58,NaN,NaN,NaN,NaN,NaN,5.7996
NaN,NaN,NaN,NaN,NaN,NaN,0.81,NaN,1.458,1.0368,NaN,NaN,0.7452,NaN,NaN,NaN,NaN,NaN,NaN,0.7776,NaN,NaN,NaN,NaN,0.8748,NaN,2.0736,NaN,NaN,NaN,NaN,NaN,0.7452,NaN,1.134,NaN,NaN,1.3932,0.9396,NaN,NaN,0.9072,NaN,1.0368,NaN,NaN,0.8748,NaN,NaN,NaN
NaN,NaN,NaN,NaN,NaN,NaN,1.8792,1.5552,NaN,NaN,NaN,NaN,1.8144,NaN,NaN,NaN,NaN,NaN,1.3608,NaN,NaN,1.3608,NaN,2.268,1.9116,2.106,2.916,1.3284,1.1664,1.3608,NaN,3.8556,1.2636,1.944,NaN,NaN,1.4256,NaN,NaN,NaN,NaN,1.458,NaN,NaN,2.592,NaN,NaN,1.8468,1.8792,NaN
NaN,NaN,NaN,NaN,NaN,NaN,0.81,0.81,0.9396,0.81,1.0044,0.972,NaN,0.8424,NaN,1.3284,2.0088,2.0736,1.8792,1.944,1.9116,1.5552,1.62,1.2312,1.1664,1.1988,1.0692,1.4256,1.3284,1.7496,1.2312,1.458,1.5876,1.6524,1.5228,1.62,1.296,1.3608,1.2636,0.9072,1.0368,0.9396,1.5228,1.5228,1.4904,1.458,1.1664,1.2312,1.5228,1.1988
NaN,NaN,NaN,NaN,NaN,NaN,10.0116,NaN,NaN,NaN,NaN,NaN,NaN,NaN,8.262,NaN,NaN,NaN,NaN,NaN,10.3032,10.0764,NaN,NaN,NaN,9.3312,9.2664,NaN,NaN,13.8024,14.1264,NaN,NaN,31.4928,29.6784,NaN,31.3632,NaN,NaN,NaN,NaN,NaN,NaN,32.1732,NaN,NaN,NaN,NaN,12.2148,35.0568
NaN,NaN,NaN,NaN,NaN,NaN,40.0788,NaN,28.4148,NaN,NaN,NaN,NaN,34.4736,23.652,NaN,NaN,NaN,NaN,24.4944,NaN,NaN,NaN,NaN,NaN,NaN,22.7772,NaN,23.2308,NaN,NaN,23.1012,17.9172,NaN,NaN,18.306,27.2484,10.6596,12.7656,NaN,6.0912,NaN,11.7288,NaN,NaN,25.7256,8.2296,NaN,37.746,0.7776
NaN,NaN,NaN,NaN,NaN,NaN,6.5124,10.7892,6.1236,NaN,NaN,NaN,6.8688,NaN,NaN,NaN,NaN,12.0528,NaN,NaN,NaN,NaN,NaN,NaN,NaN,NaN,NaN,NaN,5.0544,6.2208,NaN,NaN,NaN,5.8968,NaN,8.2944,NaN,NaN,6.0264,NaN,NaN,NaN,NaN,NaN,NaN,NaN,5.3784,8.0028,NaN,9.5904
NaN,NaN,NaN,NaN,NaN,NaN,34.1172,NaN,34.6356,62.3376,NaN,NaN,NaN,NaN,NaN,NaN,NaN,NaN,61.9164,NaN,NaN,NaN,NaN,NaN,NaN,NaN,NaN,NaN,NaN,NaN,NaN,NaN,42.606,NaN,NaN,NaN,NaN,NaN,40.6296,NaN,NaN,NaN,NaN,NaN,NaN,NaN,NaN,37.3896,NaN,NaN
NaN,NaN,NaN,NaN,NaN,NaN,NaN,64.0224,NaN,NaN,NaN,NaN,NaN,NaN,NaN,NaN,NaN,NaN,NaN,NaN,NaN,NaN,NaN,NaN,NaN,NaN,26.3412,NaN,NaN,NaN,NaN,NaN,37.5192,NaN,NaN,NaN,NaN,NaN,NaN,3.8556,2.916,6.48,NaN,NaN,NaN,NaN,NaN,NaN,NaN,NaN
NaN,NaN,NaN,NaN,NaN,NaN,NaN,132.516,NaN,NaN,NaN,NaN,NaN,0.7452,1.0044,1.134,0.7776,0.7776,0.7452,NaN,NaN,0.7452,NaN,NaN,NaN,NaN,1.1664,NaN,NaN,NaN,NaN,NaN,NaN,NaN,0.9396,NaN,NaN,NaN,1.0368,NaN,NaN,NaN,NaN,NaN,NaN,NaN,NaN,NaN,NaN,0.8424
NaN,NaN,NaN,NaN,NaN,NaN,NaN,64.8972,NaN,NaN,NaN,NaN,NaN,72.1548,NaN,NaN,NaN,NaN,NaN,NaN,NaN,65.3832,NaN,32.4324,33.2748,NaN,NaN,NaN,NaN,NaN,NaN,NaN,62.5968,NaN,NaN,NaN,NaN,NaN,NaN,NaN,NaN,NaN,NaN,NaN,64.0224,NaN,NaN,NaN,NaN,NaN
NaN,NaN,NaN,NaN,NaN,NaN,NaN,0.8424,NaN,NaN,NaN,NaN,NaN,NaN,NaN,NaN,NaN,NaN,NaN,NaN,NaN,NaN,1.1016,NaN,NaN,NaN,NaN,NaN,NaN,NaN,NaN,NaN,NaN,NaN,5.3784,NaN,NaN,NaN,NaN,NaN,NaN,NaN,NaN,NaN,5.508,NaN,NaN,NaN,NaN,NaN
NaN,NaN,NaN,NaN,NaN,NaN,NaN,47.6928,NaN,NaN,NaN,22.5828,NaN,NaN,NaN,NaN,NaN,NaN,NaN,26.4384,NaN,NaN,NaN,26.5356,29.1924,52.7796,NaN,NaN,NaN,NaN,39.6576,NaN,NaN,26.892,NaN,NaN,31.8816,23.49,NaN,NaN,19.7964,NaN,NaN,NaN,26.6976,NaN,27.6696,NaN,29.1924,NaN
NaN,NaN,NaN,NaN,NaN,NaN,NaN,NaN,1.3284,1.1016,NaN,NaN,NaN,NaN,NaN,NaN,4.3416,NaN,NaN,NaN,NaN,0.7452,NaN,NaN,1.7172,NaN,NaN,NaN,NaN,NaN,NaN,NaN,NaN,5.1192,NaN,NaN,NaN,NaN,NaN,NaN,NaN,NaN,NaN,NaN,NaN,NaN,NaN,NaN,NaN,NaN
NaN,NaN,NaN,NaN,NaN,NaN,NaN,NaN,0.81,NaN,NaN,NaN,NaN,NaN,NaN,0.7452,NaN,NaN,1.1988,NaN,NaN,0.972,0.8424,NaN,NaN,NaN,1.1664,1.134,NaN,NaN,NaN,NaN,NaN,NaN,NaN,NaN,NaN,NaN,NaN,NaN,NaN,NaN,0.9072,NaN,NaN,NaN,NaN,NaN,NaN,NaN
NaN,NaN,NaN,NaN,NaN,NaN,NaN,NaN,1.2636,NaN,1.5876,NaN,NaN,NaN,NaN,1.134,NaN,1.1988,1.1664,0.9396,NaN,NaN,1.1664,NaN,NaN,NaN,NaN,NaN,NaN,0.7776,NaN,NaN,NaN,NaN,0.972,0.9072,0.8424,NaN,1.1016,1.2312,2.1708,1.6848,NaN,NaN,1.1988,NaN,1.1664,NaN,NaN,1.4256
NaN,NaN,NaN,NaN,NaN,NaN,NaN,NaN,1.1988,NaN,NaN,NaN,NaN,NaN,NaN,NaN,NaN,0.8748,NaN,NaN,0.972,NaN,NaN,NaN,NaN,NaN,0.9396,NaN,NaN,1.1664,0.9072,0.8424,0.81,NaN,NaN,NaN,NaN,NaN,NaN,NaN,NaN,NaN,NaN,NaN,0.8748,NaN,1.0368,NaN,NaN,NaN
NaN,NaN,NaN,NaN,NaN,NaN,NaN,NaN,0.8424,NaN,NaN,NaN,NaN,NaN,NaN,NaN,NaN,2.2356,1.1988,1.0692,1.0692,1.1988,NaN,NaN,NaN,NaN,0.7776,NaN,0.81,0.9396,1.4904,NaN,2.268,NaN,0.7452,0.8424,NaN,NaN,NaN,NaN,NaN,NaN,NaN,NaN,NaN,NaN,NaN,NaN,1.8468,NaN
NaN,NaN,NaN,NaN,NaN,NaN,NaN,NaN,NaN,17.6904,NaN,18.2088,NaN,NaN,16.3296,NaN,NaN,21.4164,14.8716,18.6948,99.306,14.7744,20.3472,11.502,NaN,NaN,15.2928,20.6712,15.5196,15.876,16.4268,18.1764,14.0292,NaN,NaN,20.9304,30.1968,21.6108,NaN,NaN,NaN,17.2368,21.2868,NaN,18.3708,28.7064,23.1984,NaN,NaN,18.5652
NaN,NaN,NaN,NaN,NaN,NaN,NaN,NaN,NaN,25.8876,2.7216,5.7672,3.9528,45.4896,44.064,30.8772,NaN,46.656,NaN,NaN,NaN,NaN,NaN,NaN,NaN,NaN,NaN,NaN,NaN,NaN,NaN,NaN,NaN,41.4072,NaN,NaN,NaN,NaN,NaN,36.4176,NaN,NaN,NaN,NaN,NaN,38.5884,3.7584,NaN,NaN,8.7804
NaN,NaN,NaN,NaN,NaN,NaN,NaN,NaN,NaN,28.7388,NaN,NaN,NaN,NaN,NaN,NaN,NaN,NaN,NaN,NaN,NaN,NaN,NaN,NaN,NaN,NaN,NaN,NaN,2.9484,NaN,NaN,NaN,NaN,NaN,NaN,NaN,NaN,NaN,NaN,NaN,NaN,NaN,NaN,NaN,NaN,NaN,NaN,NaN,NaN,NaN
NaN,NaN,NaN,NaN,NaN,NaN,NaN,NaN,NaN,1.1016,NaN,NaN,NaN,NaN,NaN,NaN,NaN,NaN,NaN,NaN,NaN,NaN,NaN,NaN,NaN,NaN,1.1016,NaN,NaN,NaN,NaN,NaN,NaN,NaN,NaN,NaN,NaN,NaN,0.9072,0.7452,NaN,NaN,NaN,NaN,NaN,NaN,NaN,NaN,NaN,NaN
NaN,NaN,NaN,NaN,NaN,NaN,NaN,NaN,NaN,70.3404,20.8008,3.078,3.8232,3.4668,3.6612,NaN,4.4064,3.8556,3.5316,NaN,4.2768,NaN,NaN,4.1148,NaN,2.6892,5.9292,5.67,NaN,NaN,NaN,3.7584,3.8232,3.7908,NaN,4.4712,3.0132,3.24,NaN,4.8924,NaN,5.2488,3.402,3.1104,3.1752,3.9204,2.8188,NaN,3.2076,NaN
NaN,NaN,NaN,NaN,NaN,NaN,NaN,NaN,NaN,2.106,1.5876,2.0088,NaN,1.9764,2.1384,1.782,2.0736,NaN,NaN,NaN,NaN,2.43,1.8144,2.1384,1.6848,2.0736,2.8836,2.106,2.3004,2.106,2.0088,2.0412,2.1708,2.3652,NaN,2.2356,2.268,2.4948,NaN,1.944,2.0412,1.944,2.268,2.106,2.3328,1.944,2.1708,NaN,NaN,2.0088
NaN,NaN,NaN,NaN,NaN,NaN,NaN,NaN,NaN,NaN,0.81,1.1016,0.9072,1.0368,NaN,NaN,1.6524,1.1664,NaN,NaN,NaN,NaN,NaN,NaN,NaN,NaN,NaN,NaN,NaN,NaN,NaN,NaN,NaN,NaN,NaN,NaN,NaN,NaN,NaN,NaN,NaN,NaN,NaN,NaN,NaN,NaN,NaN,NaN,NaN,NaN
NaN,NaN,NaN,NaN,NaN,NaN,NaN,NaN,NaN,NaN,5.7672,0.8748,NaN,NaN,NaN,NaN,1.134,NaN,0.972,NaN,NaN,4.4712,NaN,NaN,NaN,NaN,NaN,NaN,NaN,NaN,NaN,5.7672,NaN,NaN,NaN,NaN,NaN,4.86,NaN,NaN,NaN,5.2488,NaN,NaN,NaN,4.3416,NaN,6.0264,NaN,NaN
NaN,NaN,NaN,NaN,NaN,NaN,NaN,NaN,NaN,NaN,0.7776,NaN,0.81,NaN,NaN,NaN,NaN,NaN,NaN,NaN,NaN,NaN,1.296,NaN,NaN,NaN,NaN,NaN,NaN,NaN,NaN,NaN,NaN,NaN,1.0692,NaN,NaN,NaN,NaN,NaN,NaN,NaN,NaN,NaN,0.7452,NaN,NaN,NaN,NaN,NaN
NaN,NaN,NaN,NaN,NaN,NaN,NaN,NaN,NaN,NaN,20.5416,NaN,NaN,NaN,NaN,NaN,26.0172,NaN,NaN,NaN,NaN,19.7964,NaN,NaN,NaN,NaN,NaN,NaN,9.3636,NaN,NaN,NaN,NaN,NaN,NaN,NaN,NaN,17.6256,NaN,NaN,NaN,NaN,NaN,NaN,NaN,NaN,NaN,NaN,NaN,NaN
NaN,NaN,NaN,NaN,NaN,NaN,NaN,NaN,NaN,NaN,NaN,103.194,NaN,NaN,NaN,NaN,113.886,NaN,NaN,109.0908,NaN,NaN,NaN,NaN,NaN,NaN,NaN,NaN,NaN,NaN,NaN,NaN,NaN,NaN,NaN,NaN,NaN,NaN,NaN,NaN,NaN,NaN,NaN,NaN,NaN,NaN,NaN,NaN,NaN,NaN
NaN,NaN,NaN,NaN,NaN,NaN,NaN,NaN,NaN,NaN,NaN,40.5324,NaN,NaN,NaN,NaN,NaN,NaN,28.35,NaN,NaN,NaN,NaN,NaN,NaN,NaN,30.0348,32.4,NaN,NaN,NaN,NaN,NaN,NaN,NaN,NaN,NaN,NaN,NaN,NaN,41.6016,NaN,28.5768,NaN,NaN,NaN,NaN,NaN,NaN,NaN
NaN,NaN,NaN,NaN,NaN,NaN,NaN,NaN,NaN,NaN,NaN,13.3812,NaN,NaN,NaN,1.944,NaN,NaN,NaN,NaN,NaN,NaN,1.2636,1.1664,NaN,11.34,NaN,NaN,NaN,NaN,NaN,NaN,NaN,NaN,7.0308,22.9716,7.1604,NaN,NaN,NaN,NaN,2.1708,7.3224,NaN,NaN,NaN,NaN,0.972,1.0044,NaN
NaN,NaN,NaN,NaN,NaN,NaN,NaN,NaN,NaN,NaN,NaN,0.8748,NaN,3.7584,NaN,NaN,0.9396,NaN,NaN,NaN,NaN,NaN,0.7776,NaN,NaN,NaN,NaN,NaN,NaN,NaN,0.7776,NaN,NaN,0.9396,0.7776,NaN,NaN,NaN,NaN,NaN,NaN,NaN,NaN,NaN,NaN,NaN,NaN,NaN,NaN,NaN
NaN,NaN,NaN,NaN,NaN,NaN,NaN,NaN,NaN,NaN,NaN,0.7776,NaN,NaN,NaN,NaN,NaN,NaN,NaN,NaN,NaN,NaN,NaN,NaN,7.8408,NaN,NaN,NaN,NaN,NaN,9.5904,NaN,4.6332,11.0808,NaN,NaN,NaN,NaN,9.1692,NaN,NaN,NaN,NaN,NaN,NaN,NaN,NaN,NaN,NaN,NaN
NaN,NaN,NaN,NaN,NaN,NaN,NaN,NaN,NaN,NaN,NaN,27.378,NaN,NaN,NaN,NaN,NaN,NaN,NaN,NaN,NaN,NaN,0.7452,NaN,NaN,NaN,NaN,NaN,NaN,NaN,NaN,NaN,NaN,NaN,NaN,NaN,NaN,NaN,NaN,NaN,NaN,NaN,NaN,NaN,NaN,NaN,NaN,NaN,NaN,NaN
NaN,NaN,NaN,NaN,NaN,NaN,NaN,NaN,NaN,NaN,NaN,0.7452,2.1708,3.6288,NaN,4.05,NaN,5.2164,NaN,NaN,5.6052,NaN,NaN,NaN,NaN,4.7628,0.7776,NaN,NaN,NaN,1.8792,2.916,NaN,3.4344,0.8748,NaN,NaN,1.5228,3.4344,5.2164,NaN,NaN,0.7776,NaN,NaN,NaN,NaN,2.2032,2.3004,1.296
NaN,NaN,NaN,NaN,NaN,NaN,NaN,NaN,NaN,NaN,NaN,NaN,22.4532,NaN,NaN,NaN,NaN,NaN,NaN,NaN,NaN,NaN,31.266,NaN,36.9684,2.3652,NaN,NaN,NaN,NaN,NaN,NaN,NaN,NaN,8.1648,NaN,NaN,NaN,NaN,4.536,NaN,7.5816,NaN,NaN,NaN,5.0544,NaN,NaN,4.7952,NaN
NaN,NaN,NaN,NaN,NaN,NaN,NaN,NaN,NaN,NaN,NaN,NaN,26.1468,NaN,24.462,NaN,NaN,NaN,29.2896,19.8612,NaN,16.1028,20.1852,NaN,NaN,NaN,NaN,24.9156,NaN,NaN,17.4312,NaN,NaN,NaN,NaN,NaN,NaN,NaN,26.6976,NaN,NaN,38.9124,NaN,NaN,NaN,NaN,NaN,NaN,NaN,NaN
NaN,NaN,NaN,NaN,NaN,NaN,NaN,NaN,NaN,NaN,NaN,NaN,67.6836,57.348,NaN,NaN,NaN,NaN,NaN,NaN,59.1948,NaN,NaN,NaN,58.6764,69.498,NaN,NaN,NaN,59.616,NaN,NaN,NaN,NaN,54.1404,66.3228,NaN,NaN,NaN,NaN,NaN,25.7904,NaN,NaN,NaN,NaN,NaN,NaN,NaN,NaN
NaN,NaN,NaN,NaN,NaN,NaN,NaN,NaN,NaN,NaN,NaN,NaN,6.4476,NaN,6.8364,NaN,NaN,NaN,10.0116,NaN,NaN,NaN,9.0072,NaN,1.1664,11.5992,NaN,12.4092,NaN,NaN,NaN,NaN,NaN,NaN,20.412,NaN,NaN,16.038,NaN,13.1544,NaN,NaN,NaN,NaN,NaN,17.7228,18.306,NaN,11.6964,NaN
NaN,NaN,NaN,NaN,NaN,NaN,NaN,NaN,NaN,NaN,NaN,NaN,18.468,NaN,NaN,32.6916,1.1988,NaN,NaN,2.592,NaN,NaN,2.3652,NaN,NaN,NaN,1.134,NaN,NaN,2.3976,1.8468,1.944,NaN,1.7172,NaN,2.43,NaN,NaN,NaN,2.3004,NaN,14.418,NaN,17.2368,NaN,NaN,2.6892,NaN,NaN,NaN
NaN,NaN,NaN,NaN,NaN,NaN,NaN,NaN,NaN,NaN,NaN,NaN,5.67,NaN,NaN,NaN,NaN,3.4344,NaN,NaN,9.1692,8.8776,NaN,NaN,NaN,6.4152,NaN,9.9144,NaN,9.234,NaN,NaN,NaN,NaN,6.9984,NaN,NaN,NaN,NaN,4.374,NaN,NaN,NaN,NaN,5.1516,7.29,NaN,NaN,NaN,NaN
NaN,NaN,NaN,NaN,NaN,NaN,NaN,NaN,NaN,NaN,NaN,NaN,NaN,146.772,NaN,NaN,NaN,NaN,NaN,NaN,NaN,NaN,23.814,NaN,NaN,NaN,NaN,NaN,NaN,NaN,NaN,NaN,NaN,NaN,NaN,NaN,NaN,NaN,NaN,NaN,NaN,NaN,NaN,NaN,NaN,NaN,NaN,NaN,NaN,NaN
NaN,NaN,NaN,NaN,NaN,NaN,NaN,NaN,NaN,NaN,NaN,NaN,NaN,70.146,NaN,NaN,NaN,NaN,6.6744,NaN,NaN,NaN,NaN,NaN,53.9136,NaN,NaN,NaN,NaN,NaN,NaN,NaN,NaN,NaN,NaN,NaN,NaN,NaN,NaN,NaN,NaN,NaN,NaN,NaN,NaN,NaN,NaN,NaN,NaN,NaN
NaN,NaN,NaN,NaN,NaN,NaN,NaN,NaN,NaN,NaN,NaN,NaN,NaN,NaN,78.894,11.1132,NaN,NaN,NaN,NaN,NaN,NaN,NaN,60.0696,57.2832,NaN,NaN,NaN,NaN,69.3036,NaN,NaN,84.8556,NaN,NaN,NaN,NaN,NaN,NaN,NaN,NaN,NaN,NaN,NaN,NaN,4.1472,NaN,NaN,NaN,NaN
NaN,NaN,NaN,NaN,NaN,NaN,NaN,NaN,NaN,NaN,NaN,NaN,NaN,NaN,1.944,NaN,NaN,NaN,NaN,NaN,NaN,2.0088,2.3328,1.944,NaN,2.592,NaN,NaN,NaN,NaN,1.9764,NaN,NaN,NaN,NaN,1.7172,1.8792,NaN,NaN,NaN,NaN,NaN,NaN,NaN,1.9764,NaN,NaN,NaN,NaN,2.0412
NaN,NaN,NaN,NaN,NaN,NaN,NaN,NaN,NaN,NaN,NaN,NaN,NaN,NaN,0.7452,0.8748,NaN,NaN,NaN,NaN,NaN,NaN,NaN,NaN,NaN,NaN,NaN,NaN,NaN,NaN,NaN,NaN,NaN,NaN,NaN,NaN,NaN,NaN,NaN,NaN,NaN,NaN,NaN,NaN,NaN,NaN,NaN,NaN,NaN,NaN
NaN,NaN,NaN,NaN,NaN,NaN,NaN,NaN,NaN,NaN,NaN,NaN,NaN,NaN,NaN,0.7776,NaN,NaN,NaN,NaN,NaN,NaN,NaN,NaN,NaN,NaN,NaN,NaN,NaN,NaN,NaN,NaN,1.0044,1.1016,NaN,NaN,NaN,NaN,NaN,NaN,NaN,NaN,NaN,NaN,NaN,NaN,NaN,NaN,NaN,NaN
NaN,NaN,NaN,NaN,NaN,NaN,NaN,NaN,NaN,NaN,NaN,NaN,NaN,NaN,NaN,39.7548,NaN,41.31,NaN,NaN,2.7216,NaN,NaN,47.5632,NaN,NaN,40.1436,NaN,47.2392,43.2864,NaN,NaN,NaN,35.0244,32.4324,NaN,56.538,49.5072,2.754,1.0044,2.754,NaN,32.4324,NaN,NaN,41.5692,31.2336,3.3696,NaN,1.6524
NaN,NaN,NaN,NaN,NaN,NaN,NaN,NaN,NaN,NaN,NaN,NaN,NaN,NaN,NaN,1.0692,NaN,NaN,NaN,NaN,NaN,NaN,NaN,NaN,NaN,NaN,NaN,NaN,NaN,NaN,NaN,NaN,0.7776,NaN,NaN,NaN,NaN,NaN,NaN,NaN,NaN,NaN,NaN,NaN,NaN,NaN,NaN,NaN,NaN,NaN
NaN,NaN,NaN,NaN,NaN,NaN,NaN,NaN,NaN,NaN,NaN,NaN,NaN,NaN,NaN,104.49,NaN,NaN,NaN,NaN,NaN,NaN,NaN,NaN,NaN,NaN,NaN,NaN,NaN,NaN,NaN,31.0716,NaN,NaN,NaN,NaN,14.3208,NaN,NaN,NaN,NaN,NaN,NaN,NaN,99.6948,NaN,NaN,NaN,NaN,NaN
NaN,NaN,NaN,NaN,NaN,NaN,NaN,NaN,NaN,NaN,NaN,NaN,NaN,NaN,NaN,13.122,NaN,17.8848,NaN,NaN,NaN,NaN,NaN,NaN,14.8716,NaN,NaN,4.2768,NaN,NaN,NaN,2.0412,2.1708,NaN,11.2428,NaN,NaN,NaN,NaN,3.5316,NaN,2.2032,3.078,4.1148,1.6524,1.2636,NaN,NaN,1.2636,3.402
NaN,NaN,NaN,NaN,NaN,NaN,NaN,NaN,NaN,NaN,NaN,NaN,NaN,NaN,NaN,2.916,NaN,NaN,NaN,NaN,NaN,NaN,NaN,3.2724,NaN,NaN,3.888,NaN,NaN,3.5964,6.1884,NaN,NaN,3.4344,4.4064,NaN,NaN,NaN,2.4948,NaN,2.5272,NaN,NaN,NaN,NaN,6.5124,NaN,NaN,NaN,NaN
NaN,NaN,NaN,NaN,NaN,NaN,NaN,NaN,NaN,NaN,NaN,NaN,NaN,NaN,NaN,NaN,6.8364,NaN,NaN,6.7392,6.642,6.642,6.966,6.7716,6.4476,7.0632,5.7348,5.9292,6.3504,6.318,5.9292,5.994,5.67,6.7068,5.832,6.7392,5.9292,6.2532,5.508,6.4476,6.4152,5.7996,5.7672,5.9292,5.67,6.318,NaN,5.7672,5.832,5.7672
NaN,NaN,NaN,NaN,NaN,NaN,NaN,NaN,NaN,NaN,NaN,NaN,NaN,NaN,NaN,NaN,1.2636,NaN,NaN,NaN,NaN,NaN,NaN,0.8424,NaN,0.7776,NaN,NaN,NaN,NaN,NaN,NaN,NaN,NaN,NaN,NaN,NaN,NaN,NaN,NaN,NaN,NaN,NaN,NaN,NaN,NaN,NaN,NaN,NaN,NaN
NaN,NaN,NaN,NaN,NaN,NaN,NaN,NaN,NaN,NaN,NaN,NaN,NaN,NaN,NaN,NaN,10.9512,NaN,NaN,NaN,NaN,NaN,NaN,NaN,7.938,NaN,NaN,7.1928,NaN,NaN,8.7156,NaN,NaN,8.7804,NaN,NaN,26.5356,10.8864,NaN,NaN,NaN,NaN,NaN,NaN,NaN,7.2576,NaN,NaN,NaN,NaN
NaN,NaN,NaN,NaN,NaN,NaN,NaN,NaN,NaN,NaN,NaN,NaN,NaN,NaN,NaN,NaN,NaN,3.402,NaN,NaN,NaN,NaN,NaN,NaN,NaN,3.888,NaN,NaN,NaN,NaN,3.5316,3.0132,NaN,NaN,NaN,3.402,NaN,NaN,NaN,3.6612,3.1428,2.8188,3.1752,NaN,NaN,3.2076,3.078,3.4992,2.9808,2.8512
NaN,NaN,NaN,NaN,NaN,NaN,NaN,NaN,NaN,NaN,NaN,NaN,NaN,NaN,NaN,NaN,NaN,0.7776,1.134,NaN,0.81,NaN,NaN,1.1664,1.8144,0.972,NaN,NaN,NaN,1.0368,1.0044,NaN,1.3608,1.134,NaN,0.7452,NaN,NaN,NaN,1.2636,NaN,NaN,NaN,NaN,NaN,NaN,NaN,0.972,NaN,0.9072
NaN,NaN,NaN,NaN,NaN,NaN,NaN,NaN,NaN,NaN,NaN,NaN,NaN,NaN,NaN,NaN,NaN,0.8424,1.2636,0.81,1.4904,NaN,1.2312,NaN,NaN,1.0368,1.0368,2.0412,NaN,1.6524,NaN,1.1016,0.7776,0.7452,0.972,NaN,NaN,0.8424,0.9072,1.3284,1.1016,2.3652,NaN,1.0044,0.7452,2.592,1.0368,0.7452,NaN,3.24
NaN,NaN,NaN,NaN,NaN,NaN,NaN,NaN,NaN,NaN,NaN,NaN,NaN,NaN,NaN,NaN,NaN,1.3608,0.9396,1.1988,NaN,NaN,NaN,NaN,NaN,NaN,NaN,0.972,0.7452,1.134,NaN,NaN,NaN,NaN,0.972,NaN,NaN,1.1664,NaN,NaN,0.81,NaN,NaN,NaN,NaN,NaN,1.1016,0.9396,NaN,1.1016
NaN,NaN,NaN,NaN,NaN,NaN,NaN,NaN,NaN,NaN,NaN,NaN,NaN,NaN,NaN,NaN,NaN,0.7776,NaN,NaN,NaN,NaN,NaN,NaN,NaN,NaN,NaN,NaN,0.7776,NaN,NaN,1.1016,NaN,3.402,3.1104,NaN,2.7864,1.9764,NaN,NaN,NaN,NaN,NaN,NaN,NaN,NaN,NaN,NaN,NaN,NaN
NaN,NaN,NaN,NaN,NaN,NaN,NaN,NaN,NaN,NaN,NaN,NaN,NaN,NaN,NaN,NaN,NaN,47.6604,24.9156,NaN,34.506,NaN,45.5868,NaN,NaN,NaN,48.2112,NaN,NaN,41.9256,NaN,NaN,NaN,NaN,NaN,NaN,17.8524,NaN,33.3396,NaN,NaN,NaN,27.9936,NaN,52.9416,NaN,38.0376,NaN,NaN,NaN
NaN,NaN,NaN,NaN,NaN,NaN,NaN,NaN,NaN,NaN,NaN,NaN,NaN,NaN,NaN,NaN,NaN,1.4904,NaN,NaN,NaN,NaN,NaN,2.1384,NaN,NaN,NaN,NaN,NaN,NaN,NaN,NaN,NaN,NaN,NaN,NaN,NaN,NaN,NaN,NaN,3.8556,NaN,NaN,3.6936,NaN,NaN,1.8792,NaN,NaN,NaN
NaN,NaN,NaN,NaN,NaN,NaN,NaN,NaN,NaN,NaN,NaN,NaN,NaN,NaN,NaN,NaN,NaN,45.7164,NaN,NaN,NaN,NaN,49.9932,NaN,NaN,NaN,NaN,NaN,NaN,NaN,NaN,0.8424,NaN,NaN,NaN,NaN,NaN,NaN,NaN,NaN,NaN,NaN,NaN,NaN,NaN,NaN,NaN,NaN,NaN,NaN
NaN,NaN,NaN,NaN,NaN,NaN,NaN,NaN,NaN,NaN,NaN,NaN,NaN,NaN,NaN,NaN,NaN,NaN,4.3092,NaN,NaN,NaN,NaN,NaN,NaN,NaN,NaN,NaN,NaN,NaN,NaN,NaN,NaN,NaN,3.6288,NaN,4.2768,4.6656,NaN,NaN,4.05,4.374,NaN,NaN,NaN,NaN,3.9204,NaN,4.6332,NaN
NaN,NaN,NaN,NaN,NaN,NaN,NaN,NaN,NaN,NaN,NaN,NaN,NaN,NaN,NaN,NaN,NaN,NaN,0.81,NaN,NaN,NaN,NaN,NaN,NaN,NaN,NaN,NaN,NaN,NaN,NaN,NaN,NaN,NaN,NaN,NaN,1.0044,NaN,NaN,NaN,NaN,NaN,NaN,NaN,NaN,NaN,NaN,NaN,1.0044,NaN
NaN,NaN,NaN,NaN,NaN,NaN,NaN,NaN,NaN,NaN,NaN,NaN,NaN,NaN,NaN,NaN,NaN,NaN,NaN,0.8424,1.296,1.458,NaN,0.7452,NaN,0.81,NaN,1.6848,NaN,1.7172,NaN,NaN,NaN,0.7452,NaN,NaN,NaN,NaN,1.0044,NaN,1.296,1.0692,NaN,0.7776,1.458,1.6524,0.7776,NaN,NaN,0.7452
NaN,NaN,NaN,NaN,NaN,NaN,NaN,NaN,NaN,NaN,NaN,NaN,NaN,NaN,NaN,NaN,NaN,NaN,NaN,0.8424,NaN,NaN,NaN,NaN,NaN,NaN,NaN,NaN,NaN,0.81,NaN,NaN,NaN,NaN,NaN,NaN,NaN,NaN,NaN,NaN,0.81,NaN,0.7776,NaN,NaN,NaN,NaN,NaN,NaN,NaN
NaN,NaN,NaN,NaN,NaN,NaN,NaN,NaN,NaN,NaN,NaN,NaN,NaN,NaN,NaN,NaN,NaN,NaN,NaN,2.0412,NaN,NaN,NaN,1.4256,NaN,NaN,NaN,NaN,NaN,NaN,NaN,NaN,NaN,NaN,NaN,1.1988,NaN,NaN,NaN,NaN,NaN,NaN,NaN,NaN,NaN,NaN,NaN,NaN,NaN,NaN
NaN,NaN,NaN,NaN,NaN,NaN,NaN,NaN,NaN,NaN,NaN,NaN,NaN,NaN,NaN,NaN,NaN,NaN,NaN,NaN,13.1544,NaN,NaN,15.3576,NaN,14.58,14.2236,NaN,NaN,NaN,NaN,3.6936,NaN,NaN,11.9232,11.7936,1.3284,1.9116,NaN,NaN,1.944,NaN,1.6524,2.5596,3.888,3.4668,7.4844,NaN,NaN,NaN
NaN,NaN,NaN,NaN,NaN,NaN,NaN,NaN,NaN,NaN,NaN,NaN,NaN,NaN,NaN,NaN,NaN,NaN,NaN,NaN,NaN,37.2924,NaN,NaN,NaN,NaN,NaN,NaN,NaN,NaN,NaN,10.9188,13.3164,12.3768,12.0852,12.312,13.9968,NaN,10.6272,NaN,NaN,13.4136,NaN,NaN,NaN,0.7776,NaN,NaN,NaN,NaN
NaN,NaN,NaN,NaN,NaN,NaN,NaN,NaN,NaN,NaN,NaN,NaN,NaN,NaN,NaN,NaN,NaN,NaN,NaN,NaN,NaN,102.6756,102.0924,NaN,NaN,NaN,94.77,NaN,NaN,NaN,NaN,NaN,NaN,NaN,NaN,NaN,NaN,NaN,NaN,119.718,NaN,NaN,NaN,NaN,NaN,NaN,NaN,NaN,96.714,NaN
NaN,NaN,NaN,NaN,NaN,NaN,NaN,NaN,NaN,NaN,NaN,NaN,NaN,NaN,NaN,NaN,NaN,NaN,NaN,NaN,NaN,30.5532,NaN,NaN,29.5488,25.3692,NaN,24.948,25.1748,26.3736,27.4104,28.9332,27.216,28.026,NaN,26.7948,21.4812,27.8316,26.6328,27.5076,28.0584,27.6048,26.9892,29.5488,NaN,NaN,28.8036,26.9892,27.0216,28.998
NaN,NaN,NaN,NaN,NaN,NaN,NaN,NaN,NaN,NaN,NaN,NaN,NaN,NaN,NaN,NaN,NaN,NaN,NaN,NaN,NaN,28.2528,14.8392,11.7288,12.5712,11.7612,0.9396,NaN,NaN,NaN,NaN,NaN,NaN,NaN,NaN,NaN,NaN,NaN,NaN,NaN,NaN,NaN,NaN,NaN,NaN,NaN,NaN,NaN,NaN,NaN
NaN,NaN,NaN,NaN,NaN,NaN,NaN,NaN,NaN,NaN,NaN,NaN,NaN,NaN,NaN,NaN,NaN,NaN,NaN,NaN,NaN,26.4708,NaN,NaN,NaN,NaN,NaN,NaN,NaN,NaN,NaN,NaN,NaN,NaN,NaN,NaN,NaN,NaN,NaN,1.458,NaN,8.0352,NaN,6.318,NaN,6.318,5.7996,3.2724,2.3328,NaN
NaN,NaN,NaN,NaN,NaN,NaN,NaN,NaN,NaN,NaN,NaN,NaN,NaN,NaN,NaN,NaN,NaN,NaN,NaN,NaN,NaN,0.9072,0.7452,NaN,NaN,NaN,NaN,NaN,NaN,NaN,NaN,NaN,NaN,NaN,NaN,NaN,NaN,NaN,NaN,NaN,NaN,NaN,NaN,NaN,NaN,NaN,NaN,NaN,NaN,NaN
NaN,NaN,NaN,NaN,NaN,NaN,NaN,NaN,NaN,NaN,NaN,NaN,NaN,NaN,NaN,NaN,NaN,NaN,NaN,NaN,NaN,4.7628,NaN,NaN,4.6008,4.698,4.3416,4.86,NaN,7.0956,5.832,4.374,3.9528,11.4372,3.8556,6.2208,4.6332,NaN,NaN,3.7584,4.2768,NaN,NaN,NaN,5.9292,4.5684,5.0544,NaN,5.7024,NaN
NaN,NaN,NaN,NaN,NaN,NaN,NaN,NaN,NaN,NaN,NaN,NaN,NaN,NaN,NaN,NaN,NaN,NaN,NaN,NaN,NaN,NaN,17.5932,19.9584,NaN,NaN,NaN,NaN,NaN,NaN,NaN,4.4388,NaN,NaN,NaN,NaN,NaN,NaN,18.4356,NaN,16.7184,NaN,17.3664,NaN,17.6256,17.7228,NaN,NaN,NaN,NaN
NaN,NaN,NaN,NaN,NaN,NaN,NaN,NaN,NaN,NaN,NaN,NaN,NaN,NaN,NaN,NaN,NaN,NaN,NaN,NaN,NaN,NaN,17.334,NaN,NaN,NaN,NaN,NaN,2.9484,3.4992,4.4712,NaN,NaN,NaN,NaN,NaN,NaN,4.3416,NaN,NaN,1.5228,NaN,NaN,NaN,3.7908,NaN,NaN,19.1484,NaN,4.4712
NaN,NaN,NaN,NaN,NaN,NaN,NaN,NaN,NaN,NaN,NaN,NaN,NaN,NaN,NaN,NaN,NaN,NaN,NaN,NaN,NaN,NaN,NaN,1.6848,NaN,NaN,NaN,NaN,NaN,NaN,NaN,1.0692,NaN,NaN,NaN,1.458,NaN,0.81,1.0368,NaN,NaN,NaN,NaN,NaN,NaN,NaN,0.7452,1.3932,1.3932,NaN
NaN,NaN,NaN,NaN,NaN,NaN,NaN,NaN,NaN,NaN,NaN,NaN,NaN,NaN,NaN,NaN,NaN,NaN,NaN,NaN,NaN,NaN,NaN,18.8244,NaN,NaN,NaN,NaN,NaN,NaN,NaN,NaN,NaN,NaN,21.5784,NaN,NaN,NaN,NaN,NaN,NaN,NaN,NaN,NaN,NaN,NaN,NaN,NaN,NaN,NaN
NaN,NaN,NaN,NaN,NaN,NaN,NaN,NaN,NaN,NaN,NaN,NaN,NaN,NaN,NaN,NaN,NaN,NaN,NaN,NaN,NaN,NaN,NaN,NaN,2.1708,2.0088,1.944,NaN,NaN,NaN,NaN,2.0088,5.3136,2.106,1.5552,4.6656,4.698,5.1516,1.3284,4.9572,4.8924,4.698,5.2164,5.4756,5.0868,5.2488,1.1988,NaN,3.3048,6.7716
NaN,NaN,NaN,NaN,NaN,NaN,NaN,NaN,NaN,NaN,NaN,NaN,NaN,NaN,NaN,NaN,NaN,NaN,NaN,NaN,NaN,NaN,NaN,NaN,0.7776,NaN,0.8424,1.134,0.972,NaN,0.81,NaN,NaN,NaN,NaN,NaN,NaN,NaN,NaN,NaN,NaN,NaN,NaN,NaN,NaN,NaN,NaN,NaN,NaN,NaN
NaN,NaN,NaN,NaN,NaN,NaN,NaN,NaN,NaN,NaN,NaN,NaN,NaN,NaN,NaN,NaN,NaN,NaN,NaN,NaN,NaN,NaN,NaN,NaN,NaN,13.77,NaN,NaN,NaN,NaN,NaN,NaN,13.5432,NaN,NaN,15.3252,NaN,NaN,NaN,NaN,NaN,NaN,NaN,NaN,NaN,NaN,NaN,NaN,NaN,NaN
NaN,NaN,NaN,NaN,NaN,NaN,NaN,NaN,NaN,NaN,NaN,NaN,NaN,NaN,NaN,NaN,NaN,NaN,NaN,NaN,NaN,NaN,NaN,NaN,NaN,8.4888,NaN,NaN,20.6064,NaN,NaN,NaN,NaN,NaN,8.6832,NaN,16.4916,7.9056,9.2016,8.3592,13.8348,NaN,NaN,8.4564,NaN,NaN,NaN,NaN,NaN,NaN
NaN,NaN,NaN,NaN,NaN,NaN,NaN,NaN,NaN,NaN,NaN,NaN,NaN,NaN,NaN,NaN,NaN,NaN,NaN,NaN,NaN,NaN,NaN,NaN,NaN,18.0144,NaN,NaN,NaN,NaN,1.1016,0.8424,19.6344,NaN,NaN,NaN,18.2412,22.0644,NaN,NaN,NaN,NaN,NaN,NaN,NaN,18.306,NaN,1.3284,NaN,NaN
NaN,NaN,NaN,NaN,NaN,NaN,NaN,NaN,NaN,NaN,NaN,NaN,NaN,NaN,NaN,NaN,NaN,NaN,NaN,NaN,NaN,NaN,NaN,NaN,NaN,NaN,0.7452,NaN,NaN,NaN,NaN,NaN,NaN,NaN,NaN,NaN,NaN,NaN,NaN,NaN,NaN,NaN,NaN,0.7452,NaN,NaN,NaN,NaN,NaN,NaN
NaN,NaN,NaN,NaN,NaN,NaN,NaN,NaN,NaN,NaN,NaN,NaN,NaN,NaN,NaN,NaN,NaN,NaN,NaN,NaN,NaN,NaN,NaN,NaN,NaN,NaN,37.1952,0.9396,NaN,1.0692,NaN,NaN,NaN,NaN,NaN,NaN,NaN,NaN,NaN,NaN,NaN,38.3616,NaN,NaN,NaN,NaN,NaN,NaN,NaN,NaN
NaN,NaN,NaN,NaN,NaN,NaN,NaN,NaN,NaN,NaN,NaN,NaN,NaN,NaN,NaN,NaN,NaN,NaN,NaN,NaN,NaN,NaN,NaN,NaN,NaN,NaN,NaN,26.6976,NaN,NaN,26.1468,21.9348,NaN,NaN,11.3076,14.742,17.5932,15.0984,22.3236,NaN,10.6596,NaN,NaN,NaN,NaN,NaN,10.9836,NaN,NaN,NaN
NaN,NaN,NaN,NaN,NaN,NaN,NaN,NaN,NaN,NaN,NaN,NaN,NaN,NaN,NaN,NaN,NaN,NaN,NaN,NaN,NaN,NaN,NaN,NaN,NaN,NaN,NaN,54.5616,NaN,NaN,NaN,NaN,NaN,NaN,NaN,NaN,NaN,NaN,46.008,NaN,NaN,NaN,NaN,47.8872,NaN,NaN,NaN,NaN,NaN,NaN
NaN,NaN,NaN,NaN,NaN,NaN,NaN,NaN,NaN,NaN,NaN,NaN,NaN,NaN,NaN,NaN,NaN,NaN,NaN,NaN,NaN,NaN,NaN,NaN,NaN,NaN,NaN,2.0412,NaN,NaN,NaN,NaN,NaN,NaN,NaN,NaN,NaN,NaN,1.8468,NaN,NaN,NaN,NaN,NaN,NaN,NaN,NaN,NaN,NaN,NaN
NaN,NaN,NaN,NaN,NaN,NaN,NaN,NaN,NaN,NaN,NaN,NaN,NaN,NaN,NaN,NaN,NaN,NaN,NaN,NaN,NaN,NaN,NaN,NaN,NaN,NaN,NaN,36.2232,NaN,36.6444,NaN,NaN,NaN,1.5228,NaN,6.2856,NaN,10.7892,NaN,6.9012,84.5316,7.7436,NaN,6.48,NaN,6.5448,NaN,4.3092,NaN,9.4608
NaN,NaN,NaN,NaN,NaN,NaN,NaN,NaN,NaN,NaN,NaN,NaN,NaN,NaN,NaN,NaN,NaN,NaN,NaN,NaN,NaN,NaN,NaN,NaN,NaN,NaN,NaN,1.1664,NaN,NaN,NaN,NaN,NaN,0.7452,NaN,NaN,0.9072,NaN,NaN,NaN,NaN,NaN,NaN,NaN,NaN,NaN,NaN,NaN,0.972,NaN
NaN,NaN,NaN,NaN,NaN,NaN,NaN,NaN,NaN,NaN,NaN,NaN,NaN,NaN,NaN,NaN,NaN,NaN,NaN,NaN,NaN,NaN,NaN,NaN,NaN,NaN,NaN,15.39,NaN,NaN,NaN,NaN,NaN,NaN,NaN,NaN,NaN,NaN,NaN,NaN,NaN,NaN,NaN,14.1588,NaN,NaN,NaN,NaN,NaN,NaN
NaN,NaN,NaN,NaN,NaN,NaN,NaN,NaN,NaN,NaN,NaN,NaN,NaN,NaN,NaN,NaN,NaN,NaN,NaN,NaN,NaN,NaN,NaN,NaN,NaN,NaN,NaN,NaN,0.8748,NaN,NaN,NaN,NaN,NaN,NaN,NaN,NaN,NaN,NaN,NaN,1.2312,NaN,NaN,0.972,NaN,NaN,NaN,NaN,NaN,1.0044
NaN,NaN,NaN,NaN,NaN,NaN,NaN,NaN,NaN,NaN,NaN,NaN,NaN,NaN,NaN,NaN,NaN,NaN,NaN,NaN,NaN,NaN,NaN,NaN,NaN,NaN,NaN,NaN,45.1332,NaN,NaN,NaN,NaN,NaN,NaN,7.614,NaN,NaN,NaN,NaN,NaN,37.26,29.8404,NaN,NaN,NaN,NaN,NaN,NaN,NaN
NaN,NaN,NaN,NaN,NaN,NaN,NaN,NaN,NaN,NaN,NaN,NaN,NaN,NaN,NaN,NaN,NaN,NaN,NaN,NaN,NaN,NaN,NaN,NaN,NaN,NaN,NaN,NaN,5.4756,NaN,NaN,NaN,NaN,NaN,NaN,10.0116,NaN,6.804,5.8968,NaN,NaN,11.34,10.4004,5.5404,10.6596,10.9836,11.34,10.4652,10.6272,11.8908
NaN,NaN,NaN,NaN,NaN,NaN,NaN,NaN,NaN,NaN,NaN,NaN,NaN,NaN,NaN,NaN,NaN,NaN,NaN,NaN,NaN,NaN,NaN,NaN,NaN,NaN,NaN,NaN,80.5464,NaN,NaN,NaN,NaN,NaN,NaN,NaN,25.11,NaN,NaN,NaN,NaN,NaN,NaN,NaN,NaN,NaN,NaN,24.0732,NaN,NaN
NaN,NaN,NaN,NaN,NaN,NaN,NaN,NaN,NaN,NaN,NaN,NaN,NaN,NaN,NaN,NaN,NaN,NaN,NaN,NaN,NaN,NaN,NaN,NaN,NaN,NaN,NaN,NaN,14.1264,NaN,NaN,NaN,2.3652,NaN,1.5552,NaN,14.2236,3.726,14.904,NaN,1.944,0.8424,NaN,13.2192,NaN,NaN,NaN,NaN,NaN,NaN
NaN,NaN,NaN,NaN,NaN,NaN,NaN,NaN,NaN,NaN,NaN,NaN,NaN,NaN,NaN,NaN,NaN,NaN,NaN,NaN,NaN,NaN,NaN,NaN,NaN,NaN,NaN,NaN,NaN,0.81,NaN,NaN,NaN,NaN,NaN,NaN,0.81,NaN,NaN,NaN,NaN,NaN,1.1988,NaN,NaN,NaN,NaN,0.9072,NaN,NaN
NaN,NaN,NaN,NaN,NaN,NaN,NaN,NaN,NaN,NaN,NaN,NaN,NaN,NaN,NaN,NaN,NaN,NaN,NaN,NaN,NaN,NaN,NaN,NaN,NaN,NaN,NaN,NaN,NaN,NaN,13.5432,NaN,NaN,NaN,15.714,18.1764,21.9348,NaN,NaN,NaN,20.5416,11.5344,11.826,13.8672,16.2648,18.2088,18.3708,18.792,16.7508,23.0364
NaN,NaN,NaN,NaN,NaN,NaN,NaN,NaN,NaN,NaN,NaN,NaN,NaN,NaN,NaN,NaN,NaN,NaN,NaN,NaN,NaN,NaN,NaN,NaN,NaN,NaN,NaN,NaN,NaN,NaN,1.1988,0.9072,NaN,NaN,NaN,NaN,NaN,NaN,NaN,NaN,NaN,NaN,NaN,NaN,NaN,NaN,NaN,NaN,NaN,NaN
NaN,NaN,NaN,NaN,NaN,NaN,NaN,NaN,NaN,NaN,NaN,NaN,NaN,NaN,NaN,NaN,NaN,NaN,NaN,NaN,NaN,NaN,NaN,NaN,NaN,NaN,NaN,NaN,NaN,NaN,41.634,NaN,NaN,NaN,NaN,NaN,NaN,45.1656,NaN,38.7504,28.4472,NaN,NaN,NaN,NaN,31.4604,NaN,NaN,44.6796,NaN
NaN,NaN,NaN,NaN,NaN,NaN,NaN,NaN,NaN,NaN,NaN,NaN,NaN,NaN,NaN,NaN,NaN,NaN,NaN,NaN,NaN,NaN,NaN,NaN,NaN,NaN,NaN,NaN,NaN,NaN,6.4476,NaN,NaN,4.2768,NaN,NaN,6.9012,5.7996,NaN,NaN,NaN,6.2532,6.5448,NaN,6.318,5.994,NaN,NaN,NaN,6.2856
NaN,NaN,NaN,NaN,NaN,NaN,NaN,NaN,NaN,NaN,NaN,NaN,NaN,NaN,NaN,NaN,NaN,NaN,NaN,NaN,NaN,NaN,NaN,NaN,NaN,NaN,NaN,NaN,NaN,NaN,NaN,35.3808,NaN,NaN,NaN,NaN,31.6224,NaN,NaN,NaN,NaN,NaN,NaN,NaN,NaN,NaN,NaN,NaN,NaN,NaN
NaN,NaN,NaN,NaN,NaN,NaN,NaN,NaN,NaN,NaN,NaN,NaN,NaN,NaN,NaN,NaN,NaN,NaN,NaN,NaN,NaN,NaN,NaN,NaN,NaN,NaN,NaN,NaN,NaN,NaN,NaN,1.1016,NaN,1.2636,NaN,NaN,NaN,NaN,0.8424,2.7216,NaN,NaN,NaN,NaN,NaN,NaN,NaN,NaN,NaN,NaN
NaN,NaN,NaN,NaN,NaN,NaN,NaN,NaN,NaN,NaN,NaN,NaN,NaN,NaN,NaN,NaN,NaN,NaN,NaN,NaN,NaN,NaN,NaN,NaN,NaN,NaN,NaN,NaN,NaN,NaN,NaN,98.7228,NaN,0.972,NaN,NaN,0.7452,NaN,NaN,NaN,NaN,0.8424,NaN,NaN,1.8468,1.0044,NaN,NaN,0.81,NaN
NaN,NaN,NaN,NaN,NaN,NaN,NaN,NaN,NaN,NaN,NaN,NaN,NaN,NaN,NaN,NaN,NaN,NaN,NaN,NaN,NaN,NaN,NaN,NaN,NaN,NaN,NaN,NaN,NaN,NaN,NaN,1.782,NaN,NaN,NaN,NaN,NaN,NaN,NaN,NaN,NaN,NaN,NaN,NaN,NaN,NaN,1.0692,NaN,NaN,NaN
NaN,NaN,NaN,NaN,NaN,NaN,NaN,NaN,NaN,NaN,NaN,NaN,NaN,NaN,NaN,NaN,NaN,NaN,NaN,NaN,NaN,NaN,NaN,NaN,NaN,NaN,NaN,NaN,NaN,NaN,NaN,28.8684,NaN,NaN,NaN,NaN,32.9832,NaN,52.3584,NaN,NaN,NaN,NaN,NaN,NaN,NaN,NaN,NaN,NaN,NaN
NaN,NaN,NaN,NaN,NaN,NaN,NaN,NaN,NaN,NaN,NaN,NaN,NaN,NaN,NaN,NaN,NaN,NaN,NaN,NaN,NaN,NaN,NaN,NaN,NaN,NaN,NaN,NaN,NaN,NaN,NaN,2.0088,NaN,NaN,NaN,NaN,NaN,NaN,NaN,NaN,1.8792,NaN,NaN,NaN,NaN,NaN,NaN,NaN,NaN,NaN
NaN,NaN,NaN,NaN,NaN,NaN,NaN,NaN,NaN,NaN,NaN,NaN,NaN,NaN,NaN,NaN,NaN,NaN,NaN,NaN,NaN,NaN,NaN,NaN,NaN,NaN,NaN,NaN,NaN,NaN,NaN,9.882,17.82,NaN,1.296,NaN,NaN,12.9276,17.172,NaN,17.3988,17.7876,NaN,NaN,NaN,NaN,NaN,15.6168,14.1588,NaN
NaN,NaN,NaN,NaN,NaN,NaN,NaN,NaN,NaN,NaN,NaN,NaN,NaN,NaN,NaN,NaN,NaN,NaN,NaN,NaN,NaN,NaN,NaN,NaN,NaN,NaN,NaN,NaN,NaN,NaN,NaN,NaN,0.7452,1.4256,1.1988,1.7496,1.5228,NaN,NaN,NaN,NaN,NaN,NaN,NaN,NaN,NaN,NaN,NaN,NaN,NaN
NaN,NaN,NaN,NaN,NaN,NaN,NaN,NaN,NaN,NaN,NaN,NaN,NaN,NaN,NaN,NaN,NaN,NaN,NaN,NaN,NaN,NaN,NaN,NaN,NaN,NaN,NaN,NaN,NaN,NaN,NaN,NaN,26.892,27.5076,NaN,NaN,NaN,21.2544,NaN,NaN,NaN,21.1896,NaN,NaN,NaN,24.786,20.2176,NaN,NaN,26.8272
NaN,NaN,NaN,NaN,NaN,NaN,NaN,NaN,NaN,NaN,NaN,NaN,NaN,NaN,NaN,NaN,NaN,NaN,NaN,NaN,NaN,NaN,NaN,NaN,NaN,NaN,NaN,NaN,NaN,NaN,NaN,NaN,0.8748,1.4904,1.5552,1.3932,NaN,1.0692,1.2312,1.458,1.5552,1.7172,1.1988,1.5228,1.7172,1.6848,1.458,1.1664,NaN,NaN
NaN,NaN,NaN,NaN,NaN,NaN,NaN,NaN,NaN,NaN,NaN,NaN,NaN,NaN,NaN,NaN,NaN,NaN,NaN,NaN,NaN,NaN,NaN,NaN,NaN,NaN,NaN,NaN,NaN,NaN,NaN,NaN,NaN,45.684,NaN,NaN,NaN,20.1852,NaN,NaN,24.3324,NaN,NaN,NaN,NaN,NaN,20.4444,47.1096,NaN,NaN
NaN,NaN,NaN,NaN,NaN,NaN,NaN,NaN,NaN,NaN,NaN,NaN,NaN,NaN,NaN,NaN,NaN,NaN,NaN,NaN,NaN,NaN,NaN,NaN,NaN,NaN,NaN,NaN,NaN,NaN,NaN,NaN,NaN,0.7776,NaN,NaN,NaN,NaN,NaN,NaN,NaN,NaN,NaN,NaN,0.8424,0.7452,NaN,NaN,NaN,NaN
NaN,NaN,NaN,NaN,NaN,NaN,NaN,NaN,NaN,NaN,NaN,NaN,NaN,NaN,NaN,NaN,NaN,NaN,NaN,NaN,NaN,NaN,NaN,NaN,NaN,NaN,NaN,NaN,NaN,NaN,NaN,NaN,NaN,0.8424,NaN,NaN,1.0368,NaN,NaN,NaN,NaN,NaN,NaN,NaN,NaN,NaN,NaN,NaN,NaN,NaN
NaN,NaN,NaN,NaN,NaN,NaN,NaN,NaN,NaN,NaN,NaN,NaN,NaN,NaN,NaN,NaN,NaN,NaN,NaN,NaN,NaN,NaN,NaN,NaN,NaN,NaN,NaN,NaN,NaN,NaN,NaN,NaN,NaN,NaN,1.3932,1.7172,0.8424,NaN,0.7776,NaN,NaN,NaN,NaN,NaN,NaN,NaN,NaN,NaN,NaN,NaN
NaN,NaN,NaN,NaN,NaN,NaN,NaN,NaN,NaN,NaN,NaN,NaN,NaN,NaN,NaN,NaN,NaN,NaN,NaN,NaN,NaN,NaN,NaN,NaN,NaN,NaN,NaN,NaN,NaN,NaN,NaN,NaN,NaN,NaN,0.7452,NaN,NaN,0.7776,NaN,1.0368,NaN,NaN,NaN,NaN,NaN,NaN,0.8748,0.8748,2.3652,0.8748
NaN,NaN,NaN,NaN,NaN,NaN,NaN,NaN,NaN,NaN,NaN,NaN,NaN,NaN,NaN,NaN,NaN,NaN,NaN,NaN,NaN,NaN,NaN,NaN,NaN,NaN,NaN,NaN,NaN,NaN,NaN,NaN,NaN,NaN,0.9396,NaN,NaN,NaN,NaN,NaN,NaN,1.0692,1.0692,NaN,0.8748,1.1664,1.944,NaN,NaN,NaN
NaN,NaN,NaN,NaN,NaN,NaN,NaN,NaN,NaN,NaN,NaN,NaN,NaN,NaN,NaN,NaN,NaN,NaN,NaN,NaN,NaN,NaN,NaN,NaN,NaN,NaN,NaN,NaN,NaN,NaN,NaN,NaN,NaN,NaN,NaN,17.7876,NaN,38.3616,NaN,14.1588,NaN,16.1676,NaN,18.954,NaN,39.2364,NaN,50.1228,44.8416,NaN
NaN,NaN,NaN,NaN,NaN,NaN,NaN,NaN,NaN,NaN,NaN,NaN,NaN,NaN,NaN,NaN,NaN,NaN,NaN,NaN,NaN,NaN,NaN,NaN,NaN,NaN,NaN,NaN,NaN,NaN,NaN,NaN,NaN,NaN,NaN,1.0692,NaN,NaN,NaN,NaN,NaN,NaN,NaN,NaN,0.8748,NaN,NaN,NaN,NaN,NaN
NaN,NaN,NaN,NaN,NaN,NaN,NaN,NaN,NaN,NaN,NaN,NaN,NaN,NaN,NaN,NaN,NaN,NaN,NaN,NaN,NaN,NaN,NaN,NaN,NaN,NaN,NaN,NaN,NaN,NaN,NaN,NaN,NaN,NaN,NaN,27.1836,9.9792,NaN,NaN,9.8172,NaN,NaN,NaN,NaN,9.3636,7.0956,NaN,NaN,NaN,NaN
NaN,NaN,NaN,NaN,NaN,NaN,NaN,NaN,NaN,NaN,NaN,NaN,NaN,NaN,NaN,NaN,NaN,NaN,NaN,NaN,NaN,NaN,NaN,NaN,NaN,NaN,NaN,NaN,NaN,NaN,NaN,NaN,NaN,NaN,NaN,NaN,1.3608,NaN,NaN,0.8424,NaN,NaN,NaN,NaN,NaN,NaN,NaN,NaN,NaN,NaN
NaN,NaN,NaN,NaN,NaN,NaN,NaN,NaN,NaN,NaN,NaN,NaN,NaN,NaN,NaN,NaN,NaN,NaN,NaN,NaN,NaN,NaN,NaN,NaN,NaN,NaN,NaN,NaN,NaN,NaN,NaN,NaN,NaN,NaN,NaN,NaN,40.1112,NaN,NaN,NaN,NaN,7.0308,NaN,NaN,NaN,NaN,NaN,8.8452,NaN,NaN
NaN,NaN,NaN,NaN,NaN,NaN,NaN,NaN,NaN,NaN,NaN,NaN,NaN,NaN,NaN,NaN,NaN,NaN,NaN,NaN,NaN,NaN,NaN,NaN,NaN,NaN,NaN,NaN,NaN,NaN,NaN,NaN,NaN,NaN,NaN,NaN,65.9016,5.2488,8.0676,NaN,9.3312,8.6184,8.0028,7.9056,7.8732,NaN,8.0028,7.3872,NaN,6.9984
NaN,NaN,NaN,NaN,NaN,NaN,NaN,NaN,NaN,NaN,NaN,NaN,NaN,NaN,NaN,NaN,NaN,NaN,NaN,NaN,NaN,NaN,NaN,NaN,NaN,NaN,NaN,NaN,NaN,NaN,NaN,NaN,NaN,NaN,NaN,NaN,44.0964,NaN,NaN,NaN,NaN,48.4704,NaN,NaN,NaN,98.9172,NaN,NaN,NaN,NaN
NaN,NaN,NaN,NaN,NaN,NaN,NaN,NaN,NaN,NaN,NaN,NaN,NaN,NaN,NaN,NaN,NaN,NaN,NaN,NaN,NaN,NaN,NaN,NaN,NaN,NaN,NaN,NaN,NaN,NaN,NaN,NaN,NaN,NaN,NaN,NaN,NaN,1.3608,NaN,NaN,3.0132,1.296,1.2312,NaN,NaN,NaN,NaN,NaN,NaN,NaN
NaN,NaN,NaN,NaN,NaN,NaN,NaN,NaN,NaN,NaN,NaN,NaN,NaN,NaN,NaN,NaN,NaN,NaN,NaN,NaN,NaN,NaN,NaN,NaN,NaN,NaN,NaN,NaN,NaN,NaN,NaN,NaN,NaN,NaN,NaN,NaN,NaN,1.4256,1.296,0.7776,NaN,NaN,NaN,NaN,NaN,NaN,1.296,1.458,0.8748,1.458
NaN,NaN,NaN,NaN,NaN,NaN,NaN,NaN,NaN,NaN,NaN,NaN,NaN,NaN,NaN,NaN,NaN,NaN,NaN,NaN,NaN,NaN,NaN,NaN,NaN,NaN,NaN,NaN,NaN,NaN,NaN,NaN,NaN,NaN,NaN,NaN,NaN,2.1384,1.8792,NaN,NaN,NaN,NaN,NaN,NaN,NaN,1.4256,0.7776,1.9116,1.134
NaN,NaN,NaN,NaN,NaN,NaN,NaN,NaN,NaN,NaN,NaN,NaN,NaN,NaN,NaN,NaN,NaN,NaN,NaN,NaN,NaN,NaN,NaN,NaN,NaN,NaN,NaN,NaN,NaN,NaN,NaN,NaN,NaN,NaN,NaN,NaN,NaN,14.6124,NaN,29.2896,9.0072,NaN,NaN,NaN,21.5136,14.3532,NaN,9.8172,NaN,NaN
NaN,NaN,NaN,NaN,NaN,NaN,NaN,NaN,NaN,NaN,NaN,NaN,NaN,NaN,NaN,NaN,NaN,NaN,NaN,NaN,NaN,NaN,NaN,NaN,NaN,NaN,NaN,NaN,NaN,NaN,NaN,NaN,NaN,NaN,NaN,NaN,NaN,1.0044,NaN,0.7776,NaN,NaN,NaN,NaN,NaN,NaN,NaN,NaN,NaN,NaN
NaN,NaN,NaN,NaN,NaN,NaN,NaN,NaN,NaN,NaN,NaN,NaN,NaN,NaN,NaN,NaN,NaN,NaN,NaN,NaN,NaN,NaN,NaN,NaN,NaN,NaN,NaN,NaN,NaN,NaN,NaN,NaN,NaN,NaN,NaN,NaN,NaN,11.3724,NaN,NaN,NaN,NaN,NaN,NaN,NaN,NaN,7.4196,NaN,NaN,NaN
NaN,NaN,NaN,NaN,NaN,NaN,NaN,NaN,NaN,NaN,NaN,NaN,NaN,NaN,NaN,NaN,NaN,NaN,NaN,NaN,NaN,NaN,NaN,NaN,NaN,NaN,NaN,NaN,NaN,NaN,NaN,NaN,NaN,NaN,NaN,NaN,NaN,NaN,0.7452,NaN,NaN,NaN,NaN,NaN,NaN,NaN,NaN,NaN,NaN,0.8748
NaN,NaN,NaN,NaN,NaN,NaN,NaN,NaN,NaN,NaN,NaN,NaN,NaN,NaN,NaN,NaN,NaN,NaN,NaN,NaN,NaN,NaN,NaN,NaN,NaN,NaN,NaN,NaN,NaN,NaN,NaN,NaN,NaN,NaN,NaN,NaN,NaN,NaN,3.2724,NaN,NaN,3.7908,NaN,NaN,NaN,NaN,NaN,NaN,NaN,NaN
NaN,NaN,NaN,NaN,NaN,NaN,NaN,NaN,NaN,NaN,NaN,NaN,NaN,NaN,NaN,NaN,NaN,NaN,NaN,NaN,NaN,NaN,NaN,NaN,NaN,NaN,NaN,NaN,NaN,NaN,NaN,NaN,NaN,NaN,NaN,NaN,NaN,NaN,3.0456,NaN,NaN,NaN,NaN,NaN,NaN,NaN,NaN,NaN,NaN,20.088
NaN,NaN,NaN,NaN,NaN,NaN,NaN,NaN,NaN,NaN,NaN,NaN,NaN,NaN,NaN,NaN,NaN,NaN,NaN,NaN,NaN,NaN,NaN,NaN,NaN,NaN,NaN,NaN,NaN,NaN,NaN,NaN,NaN,NaN,NaN,NaN,NaN,NaN,0.7452,NaN,NaN,NaN,NaN,NaN,NaN,0.9396,NaN,NaN,0.8748,NaN
NaN,NaN,NaN,NaN,NaN,NaN,NaN,NaN,NaN,NaN,NaN,NaN,NaN,NaN,NaN,NaN,NaN,NaN,NaN,NaN,NaN,NaN,NaN,NaN,NaN,NaN,NaN,NaN,NaN,NaN,NaN,NaN,NaN,NaN,NaN,NaN,NaN,NaN,NaN,1.0368,NaN,NaN,NaN,NaN,NaN,1.0368,NaN,NaN,NaN,NaN
NaN,NaN,NaN,NaN,NaN,NaN,NaN,NaN,NaN,NaN,NaN,NaN,NaN,NaN,NaN,NaN,NaN,NaN,NaN,NaN,NaN,NaN,NaN,NaN,NaN,NaN,NaN,NaN,NaN,NaN,NaN,NaN,NaN,NaN,NaN,NaN,NaN,NaN,NaN,38.07,NaN,NaN,NaN,NaN,NaN,NaN,NaN,NaN,NaN,63.018
NaN,NaN,NaN,NaN,NaN,NaN,NaN,NaN,NaN,NaN,NaN,NaN,NaN,NaN,NaN,NaN,NaN,NaN,NaN,NaN,NaN,NaN,NaN,NaN,NaN,NaN,NaN,NaN,NaN,NaN,NaN,NaN,NaN,NaN,NaN,NaN,NaN,NaN,NaN,32.4,NaN,NaN,NaN,37.7136,NaN,NaN,30.5532,NaN,NaN,NaN
NaN,NaN,NaN,NaN,NaN,NaN,NaN,NaN,NaN,NaN,NaN,NaN,NaN,NaN,NaN,NaN,NaN,NaN,NaN,NaN,NaN,NaN,NaN,NaN,NaN,NaN,NaN,NaN,NaN,NaN,NaN,NaN,NaN,NaN,NaN,NaN,NaN,NaN,NaN,9.0072,11.7936,15.3252,NaN,11.178,8.3592,7.8084,9.9144,NaN,6.8364,NaN
NaN,NaN,NaN,NaN,NaN,NaN,NaN,NaN,NaN,NaN,NaN,NaN,NaN,NaN,NaN,NaN,NaN,NaN,NaN,NaN,NaN,NaN,NaN,NaN,NaN,NaN,NaN,NaN,NaN,NaN,NaN,NaN,NaN,NaN,NaN,NaN,NaN,NaN,NaN,NaN,15.876,NaN,NaN,NaN,NaN,NaN,NaN,15.6168,NaN,12.9924
NaN,NaN,NaN,NaN,NaN,NaN,NaN,NaN,NaN,NaN,NaN,NaN,NaN,NaN,NaN,NaN,NaN,NaN,NaN,NaN,NaN,NaN,NaN,NaN,NaN,NaN,NaN,NaN,NaN,NaN,NaN,NaN,NaN,NaN,NaN,NaN,NaN,NaN,NaN,NaN,NaN,5.7348,NaN,NaN,NaN,9.4608,NaN,11.0484,10.6596,NaN
NaN,NaN,NaN,NaN,NaN,NaN,NaN,NaN,NaN,NaN,NaN,NaN,NaN,NaN,NaN,NaN,NaN,NaN,NaN,NaN,NaN,NaN,NaN,NaN,NaN,NaN,NaN,NaN,NaN,NaN,NaN,NaN,NaN,NaN,NaN,NaN,NaN,NaN,NaN,NaN,NaN,3.5316,3.5316,3.1104,NaN,NaN,NaN,NaN,NaN,NaN
NaN,NaN,NaN,NaN,NaN,NaN,NaN,NaN,NaN,NaN,NaN,NaN,NaN,NaN,NaN,NaN,NaN,NaN,NaN,NaN,NaN,NaN,NaN,NaN,NaN,NaN,NaN,NaN,NaN,NaN,NaN,NaN,NaN,NaN,NaN,NaN,NaN,NaN,NaN,NaN,NaN,0.972,NaN,NaN,NaN,NaN,NaN,NaN,NaN,0.9396
NaN,NaN,NaN,NaN,NaN,NaN,NaN,NaN,NaN,NaN,NaN,NaN,NaN,NaN,NaN,NaN,NaN,NaN,NaN,NaN,NaN,NaN,NaN,NaN,NaN,NaN,NaN,NaN,NaN,NaN,NaN,NaN,NaN,NaN,NaN,NaN,NaN,NaN,NaN,NaN,NaN,1.1664,NaN,0.7452,0.7452,0.972,NaN,NaN,NaN,NaN
NaN,NaN,NaN,NaN,NaN,NaN,NaN,NaN,NaN,NaN,NaN,NaN,NaN,NaN,NaN,NaN,NaN,NaN,NaN,NaN,NaN,NaN,NaN,NaN,NaN,NaN,NaN,NaN,NaN,NaN,NaN,NaN,NaN,NaN,NaN,NaN,NaN,NaN,NaN,NaN,NaN,8.3916,NaN,NaN,6.0264,NaN,NaN,NaN,9.72,6.966
NaN,NaN,NaN,NaN,NaN,NaN,NaN,NaN,NaN,NaN,NaN,NaN,NaN,NaN,NaN,NaN,NaN,NaN,NaN,NaN,NaN,NaN,NaN,NaN,NaN,NaN,NaN,NaN,NaN,NaN,NaN,NaN,NaN,NaN,NaN,NaN,NaN,NaN,NaN,NaN,NaN,28.6092,NaN,0.8424,NaN,NaN,NaN,NaN,NaN,NaN
NaN,NaN,NaN,NaN,NaN,NaN,NaN,NaN,NaN,NaN,NaN,NaN,NaN,NaN,NaN,NaN,NaN,NaN,NaN,NaN,NaN,NaN,NaN,NaN,NaN,NaN,NaN,NaN,NaN,NaN,NaN,NaN,NaN,NaN,NaN,NaN,NaN,NaN,NaN,NaN,NaN,NaN,1.0044,NaN,NaN,0.9396,NaN,NaN,NaN,NaN
NaN,NaN,NaN,NaN,NaN,NaN,NaN,NaN,NaN,NaN,NaN,NaN,NaN,NaN,NaN,NaN,NaN,NaN,NaN,NaN,NaN,NaN,NaN,NaN,NaN,NaN,NaN,NaN,NaN,NaN,NaN,NaN,NaN,NaN,NaN,NaN,NaN,NaN,NaN,NaN,NaN,NaN,0.8424,NaN,NaN,NaN,NaN,1.0044,0.7776,0.9396
NaN,NaN,NaN,NaN,NaN,NaN,NaN,NaN,NaN,NaN,NaN,NaN,NaN,NaN,NaN,NaN,NaN,NaN,NaN,NaN,NaN,NaN,NaN,NaN,NaN,NaN,NaN,NaN,NaN,NaN,NaN,NaN,NaN,NaN,NaN,NaN,NaN,NaN,NaN,NaN,NaN,NaN,63.9576,NaN,NaN,13.446,NaN,NaN,NaN,11.0484
NaN,NaN,NaN,NaN,NaN,NaN,NaN,NaN,NaN,NaN,NaN,NaN,NaN,NaN,NaN,NaN,NaN,NaN,NaN,NaN,NaN,NaN,NaN,NaN,NaN,NaN,NaN,NaN,NaN,NaN,NaN,NaN,NaN,NaN,NaN,NaN,NaN,NaN,NaN,NaN,NaN,NaN,NaN,NaN,3.0456,3.2076,3.2724,3.6612,3.6288,4.3416
NaN,NaN,NaN,NaN,NaN,NaN,NaN,NaN,NaN,NaN,NaN,NaN,NaN,NaN,NaN,NaN,NaN,NaN,NaN,NaN,NaN,NaN,NaN,NaN,NaN,NaN,NaN,NaN,NaN,NaN,NaN,NaN,NaN,NaN,NaN,NaN,NaN,NaN,NaN,NaN,NaN,NaN,NaN,NaN,13.5108,12.1824,NaN,NaN,10.7892,9.2988
NaN,NaN,NaN,NaN,NaN,NaN,NaN,NaN,NaN,NaN,NaN,NaN,NaN,NaN,NaN,NaN,NaN,NaN,NaN,NaN,NaN,NaN,NaN,NaN,NaN,NaN,NaN,NaN,NaN,NaN,NaN,NaN,NaN,NaN,NaN,NaN,NaN,NaN,NaN,NaN,NaN,NaN,NaN,NaN,1.1988,NaN,NaN,1.3284,NaN,NaN
NaN,NaN,NaN,NaN,NaN,NaN,NaN,NaN,NaN,NaN,NaN,NaN,NaN,NaN,NaN,NaN,NaN,NaN,NaN,NaN,NaN,NaN,NaN,NaN,NaN,NaN,NaN,NaN,NaN,NaN,NaN,NaN,NaN,NaN,NaN,NaN,NaN,NaN,NaN,NaN,NaN,NaN,NaN,NaN,13.5432,NaN,20.1528,NaN,NaN,NaN
NaN,NaN,NaN,NaN,NaN,NaN,NaN,NaN,NaN,NaN,NaN,NaN,NaN,NaN,NaN,NaN,NaN,NaN,NaN,NaN,NaN,NaN,NaN,NaN,NaN,NaN,NaN,NaN,NaN,NaN,NaN,NaN,NaN,NaN,NaN,NaN,NaN,NaN,NaN,NaN,NaN,NaN,NaN,NaN,NaN,10.206,NaN,NaN,NaN,13.7376
NaN,NaN,NaN,NaN,NaN,NaN,NaN,NaN,NaN,NaN,NaN,NaN,NaN,NaN,NaN,NaN,NaN,NaN,NaN,NaN,NaN,NaN,NaN,NaN,NaN,NaN,NaN,NaN,NaN,NaN,NaN,NaN,NaN,NaN,NaN,NaN,NaN,NaN,NaN,NaN,NaN,NaN,NaN,NaN,NaN,4.1472,3.3372,3.8232,3.5316,3.2076
NaN,NaN,NaN,NaN,NaN,NaN,NaN,NaN,NaN,NaN,NaN,NaN,NaN,NaN,NaN,NaN,NaN,NaN,NaN,NaN,NaN,NaN,NaN,NaN,NaN,NaN,NaN,NaN,NaN,NaN,NaN,NaN,NaN,NaN,NaN,NaN,NaN,NaN,NaN,NaN,NaN,NaN,NaN,NaN,NaN,NaN,1.0692,NaN,NaN,0.81
NaN,NaN,NaN,NaN,NaN,NaN,NaN,NaN,NaN,NaN,NaN,NaN,NaN,NaN,NaN,NaN,NaN,NaN,NaN,NaN,NaN,NaN,NaN,NaN,NaN,NaN,NaN,NaN,NaN,NaN,NaN,NaN,NaN,NaN,NaN,NaN,NaN,NaN,NaN,NaN,NaN,NaN,NaN,NaN,NaN,NaN,19.602,19.926,NaN,NaN
