1.3608,1.8468,1.3608,1.8144,1.5228,NaN,1.1016,NaN,NaN,1.2636,1.5228,NaN,2.0088,NaN,1.0044,NaN,2.3004,1.1016,NaN,1.1988,0.7776,NaN,NaN,NaN,NaN,NaN,2.5596,0.81,NaN,NaN,NaN,0.972,1.8144,1.8468,1.4256,1.2312,NaN,2.1384,NaN,NaN,NaN,1.2312,NaN,NaN,NaN,1.4256,0.7776,NaN,NaN,NaN
1.2312,0.8748,0.9072,0.8748,1.2312,1.3608,NaN,0.8748,0.8424,1.6524,1.1016,1.944,1.458,1.8468,1.6524,0.8748,1.134,1.4256,1.0368,NaN,0.8424,NaN,NaN,1.1988,1.0368,1.3932,0.81,0.9072,0.8748,1.1016,1.0044,1.4256,1.3932,1.1988,0.9396,NaN,1.3608,1.0368,1.782,1.9116,1.4256,1.62,1.296,1.4256,NaN,1.2312,1.0692,0.7776,1.458,1.0368
2.106,2.268,2.0088,1.5552,2.1708,1.944,1.0044,2.2032,2.0736,1.8144,NaN,1.7172,1.4904,1.5876,1.0368,1.1016,1.5876,NaN,1.1016,1.5552,1.6524,1.134,1.5228,1.6524,0.8424,1.5228,1.5876,1.2312,1.3932,NaN,1.5876,1.1664,0.7776,1.134,1.4904,1.0044,1.62,1.1988,1.8144,2.0088,1.458,2.0088,1.6848,1.5876,1.8468,1.5552,1.6848,1.7172,1.944,1.2636
2.2356,2.6568,2.754,2.6568,2.3328,2.6244,2.8512,2.9808,3.1104,2.8188,2.6892,2.2356,2.8836,1.2636,2.6568,3.4992,3.1752,3.2724,2.7864,2.2356,2.3004,3.1752,2.6568,2.6568,2.5272,1.9764,2.916,3.3696,2.916,2.6244,2.7216,3.2724,1.3608,NaN,NaN,NaN,NaN,NaN,NaN,NaN,NaN,NaN,NaN,NaN,NaN,2.9484,2.9484,NaN,NaN,NaN
3.4668,3.2724,3.726,2.0088,2.8836,3.24,2.0088,3.3048,3.0132,3.1104,3.24,1.9764,3.4668,2.916,NaN,2.754,3.3372,3.078,1.5876,1.7496,2.7864,3.2724,3.1428,2.916,2.8836,3.1104,NaN,3.402,2.5272,3.2724,1.782,3.4344,2.8836,3.24,3.1752,3.078,3.3696,3.0456,3.2076,NaN,2.0412,2.4948,3.1104,2.6568,3.0456,3.1428,3.2076,3.078,3.2076,3.0132
1.3932,1.2636,1.62,1.296,1.3932,1.3608,1.296,1.4904,1.5228,1.5552,1.296,1.3932,1.3608,1.3932,1.2312,1.3608,1.3608,1.458,1.4256,1.2312,1.3284,1.5876,1.4256,1.4256,1.3608,1.4904,1.3284,1.296,1.5876,1.3932,1.3932,1.5876,1.458,1.7496,1.296,1.5228,1.5228,1.3284,1.5876,1.5552,1.4904,1.3932,1.5876,1.1988,1.3932,1.5876,1.5228,1.5228,1.6524,1.5876
3.0456,0.81,NaN,NaN,1.7172,NaN,NaN,NaN,NaN,NaN,4.6332,1.1016,NaN,1.1988,NaN,NaN,NaN,1.0368,NaN,NaN,1.0044,NaN,NaN,NaN,NaN,NaN,NaN,NaN,NaN,NaN,NaN,NaN,NaN,NaN,NaN,NaN,NaN,1.6524,NaN,NaN,NaN,NaN,NaN,NaN,NaN,NaN,NaN,NaN,NaN,NaN
4.7304,NaN,1.5228,1.7496,1.0368,NaN,0.8424,NaN,NaN,NaN,NaN,1.1016,NaN,0.9072,NaN,NaN,NaN,NaN,NaN,NaN,NaN,NaN,NaN,NaN,NaN,NaN,1.5552,NaN,NaN,NaN,NaN,1.4904,NaN,NaN,1.5552,NaN,NaN,NaN,NaN,NaN,1.3932,NaN,NaN,NaN,NaN,NaN,NaN,NaN,NaN,1.458
1.1664,1.1988,1.2312,NaN,0.9396,NaN,1.3284,0.7776,NaN,NaN,NaN,NaN,0.7452,NaN,NaN,NaN,NaN,NaN,NaN,NaN,NaN,NaN,NaN,0.972,0.8424,1.2636,1.458,1.0692,0.8748,NaN,NaN,0.972,0.7452,0.972,0.9072,1.134,0.8748,1.134,1.134,1.0044,0.9072,1.1664,1.3284,0.9396,NaN,1.3284,1.0044,0.8748,1.2636,1.1988
1.1016,1.0692,0.9396,0.9072,0.9072,1.2636,0.9072,1.134,1.1016,0.972,0.972,NaN,1.3932,0.8748,0.9072,1.0368,0.9072,1.1664,1.296,1.0368,1.1016,1.0692,1.2636,1.0368,1.0368,1.458,1.3932,1.134,1.0044,1.2636,1.2636,1.0368,1.0368,1.296,1.0044,1.3932,0.9072,1.0692,1.3932,1.458,0.972,1.4256,2.106,1.3608,1.296,1.2312,1.2312,0.7776,1.6524,1.458
2.7864,1.9764,1.782,2.3004,2.106,NaN,NaN,NaN,NaN,2.9484,NaN,NaN,NaN,NaN,NaN,NaN,NaN,NaN,NaN,NaN,NaN,NaN,NaN,2.916,NaN,1.5876,0.8424,0.7452,NaN,NaN,NaN,NaN,NaN,NaN,0.7452,1.3284,NaN,NaN,NaN,NaN,NaN,NaN,NaN,NaN,NaN,NaN,NaN,NaN,NaN,NaN
6.804,3.564,3.1104,NaN,NaN,NaN,NaN,NaN,4.5684,NaN,3.6612,1.8144,NaN,NaN,NaN,NaN,2.268,0.9396,1.458,NaN,1.5876,1.3932,NaN,NaN,NaN,NaN,NaN,1.9764,NaN,NaN,2.2356,3.4344,NaN,NaN,2.8188,NaN,NaN,NaN,NaN,2.2356,2.0736,2.7216,NaN,2.1384,NaN,1.6524,NaN,2.3976,NaN,3.2076
2.268,2.268,2.7216,1.2312,2.2032,2.268,1.9116,0.8748,2.3652,2.3004,2.4948,1.9764,NaN,1.3608,1.458,2.1384,2.4948,1.62,1.8468,1.6524,1.0044,2.5596,2.0736,0.972,NaN,2.268,2.43,NaN,2.0736,1.458,2.106,2.5272,0.8748,2.1708,2.106,2.1708,2.4948,2.592,2.1708,2.1384,1.3932,1.1664,1.944,0.8424,2.0736,1.7172,1.7496,2.2032,1.1988,1.782
0.81,NaN,0.8424,0.7452,NaN,1.0368,0.8748,NaN,NaN,0.81,NaN,NaN,NaN,NaN,NaN,0.7776,NaN,0.9072,NaN,NaN,NaN,1.0044,NaN,0.9396,0.8748,1.0044,0.8748,0.81,0.7776,NaN,0.8424,0.7776,NaN,1.0044,NaN,NaN,NaN,NaN,0.7776,NaN,NaN,NaN,NaN,NaN,0.9072,0.9396,1.3608,NaN,NaN,NaN
0.9396,0.972,1.8792,1.1016,1.458,0.7776,1.134,1.3932,1.0692,1.0692,1.0692,0.81,1.1016,1.0368,0.8748,0.7776,0.9396,1.5876,1.5876,NaN,0.8748,0.8748,0.7452,0.8424,0.7776,1.1016,0.81,1.5552,0.9396,0.972,0.81,1.7172,1.0044,1.5228,1.0044,NaN,1.5228,1.5552,1.1988,1.1664,1.134,1.296,1.134,0.8424,1.2636,1.3932,1.0692,0.9072,1.296,1.1664
2.3004,NaN,NaN,2.3652,NaN,NaN,NaN,NaN,1.8792,NaN,NaN,NaN,NaN,NaN,2.6892,NaN,NaN,NaN,NaN,NaN,NaN,NaN,NaN,7.1604,7.3872,6.5448,6.804,6.7716,7.2252,6.2532,5.7996,6.642,7.0632,7.1928,NaN,NaN,NaN,NaN,NaN,NaN,NaN,NaN,NaN,NaN,NaN,NaN,NaN,NaN,NaN,NaN
5.022,6.7392,7.4844,5.1192,7.7436,8.1324,7.7112,8.2296,4.9248,7.8732,7.452,7.0308,7.938,7.1604,4.698,7.3548,7.5168,6.8364,7.4196,7.0632,7.2252,7.3872,7.1928,NaN,NaN,NaN,NaN,NaN,NaN,NaN,NaN,NaN,NaN,NaN,NaN,NaN,NaN,NaN,NaN,NaN,NaN,NaN,NaN,NaN,NaN,NaN,NaN,NaN,NaN,NaN
2.0412,2.2032,1.5228,NaN,3.4668,2.8188,3.1752,3.4668,2.8836,NaN,2.754,1.5552,1.8144,1.8792,NaN,2.5272,NaN,3.0456,3.0132,3.6936,3.3372,NaN,4.0176,1.8144,NaN,NaN,NaN,NaN,NaN,NaN,NaN,3.1104,2.3652,NaN,NaN,NaN,2.8836,NaN,3.564,2.7216,NaN,2.2356,NaN,2.2356,NaN,NaN,2.5272,NaN,3.2076,2.8512
1.458,1.2312,1.3932,1.1016,1.0692,1.2636,1.3932,1.2312,1.3932,1.1988,1.1664,1.1016,1.3284,1.0368,1.3284,1.3284,1.3932,1.1988,1.4904,1.1988,1.134,1.2636,1.1016,1.1016,1.1664,1.134,1.1016,1.1988,1.2636,0.972,1.3284,1.1988,1.0044,1.3284,1.0368,1.134,1.2636,1.3608,1.3284,1.1664,1.0044,1.2312,0.972,0.9072,1.1664,1.2636,1.1016,0.972,1.2636,0.9072
8.8776,7.7436,9.7848,8.262,NaN,8.4564,7.5492,NaN,NaN,7.7112,8.6184,NaN,NaN,8.4564,NaN,8.424,8.1648,8.0028,NaN,6.804,NaN,NaN,NaN,8.2944,7.9056,7.9056,NaN,NaN,6.6096,6.7716,6.9012,NaN,8.1324,NaN,NaN,8.1648,8.3916,NaN,7.29,6.9984,6.4476,6.9012,7.8732,NaN,6.9012,6.48,NaN,NaN,NaN,NaN
1.3284,NaN,1.0044,0.9072,NaN,NaN,NaN,NaN,NaN,0.81,1.0368,1.0692,1.2312,0.8748,1.0368,0.9396,NaN,NaN,0.9396,0.8748,0.8748,1.134,0.81,0.9396,NaN,NaN,NaN,NaN,NaN,NaN,0.972,1.0692,NaN,NaN,1.1988,0.972,1.296,1.134,1.296,NaN,1.134,NaN,1.8468,0.9396,NaN,NaN,NaN,1.3284,NaN,NaN
3.6936,3.4344,2.43,1.8792,2.2032,2.754,2.0088,NaN,NaN,NaN,NaN,NaN,3.3372,2.8512,3.888,NaN,NaN,NaN,2.3004,NaN,NaN,2.5596,NaN,3.8556,NaN,NaN,1.8792,1.944,1.6848,1.8144,1.7172,NaN,1.3608,3.9528,3.2724,3.1752,NaN,NaN,3.2724,3.2076,1.6524,NaN,NaN,NaN,NaN,NaN,1.2636,NaN,NaN,NaN
1.7496,1.944,1.458,1.9116,1.6524,1.8792,2.0736,1.8144,1.8792,1.4904,1.8468,1.944,1.8792,1.6848,1.944,1.62,1.8468,1.8468,1.296,1.6848,1.8792,1.8144,1.5876,1.5552,1.7496,2.106,2.2032,1.6848,1.6848,2.0412,1.5228,1.944,1.782,2.2032,1.2312,1.7172,1.7496,1.6848,2.268,1.9764,1.7496,1.9116,1.8468,1.782,1.782,1.9764,1.944,1.8792,1.8144,1.7172
1.0044,1.5876,1.8468,2.3328,2.5596,2.9808,2.6244,2.2356,3.6936,2.0088,1.62,1.9764,1.7496,1.7172,1.6524,1.9116,2.5272,1.6524,1.782,1.4256,1.3932,1.9116,1.8468,2.0412,1.2312,1.7172,2.916,1.6848,2.9808,1.782,1.7496,NaN,2.1384,1.7496,1.458,1.3608,1.8792,1.6524,1.2636,NaN,1.3284,NaN,1.134,1.5228,1.4256,1.7496,3.4992,NaN,3.726,1.2636
1.944,1.1988,1.1988,1.134,NaN,NaN,NaN,NaN,NaN,NaN,NaN,NaN,NaN,NaN,NaN,NaN,NaN,NaN,0.972,NaN,NaN,NaN,NaN,NaN,NaN,NaN,NaN,NaN,NaN,NaN,NaN,NaN,NaN,NaN,NaN,NaN,NaN,NaN,NaN,NaN,NaN,NaN,NaN,NaN,NaN,NaN,NaN,NaN,NaN,NaN
1.7496,1.1016,1.9764,1.9764,NaN,1.3284,2.7216,1.944,2.106,1.458,1.4904,1.5876,1.62,2.0088,1.62,1.8468,2.2032,2.1384,1.6524,1.4904,1.2312,1.944,2.4948,1.7496,1.6524,1.2636,1.4256,1.7496,1.8468,1.4904,NaN,1.6524,1.6524,1.296,1.5876,NaN,1.782,1.3608,1.2312,1.3284,NaN,2.2032,1.3932,1.134,1.5876,1.2636,NaN,1.2636,1.2636,1.782
0.7452,NaN,1.2636,0.7776,NaN,NaN,0.81,NaN,NaN,1.0368,NaN,NaN,NaN,0.81,NaN,NaN,NaN,NaN,NaN,NaN,NaN,0.972,0.9396,NaN,NaN,1.0692,NaN,NaN,0.81,0.8424,1.0368,NaN,NaN,0.8748,0.9396,0.9396,0.8424,NaN,NaN,NaN,NaN,NaN,1.0044,NaN,1.0044,1.0044,1.1664,NaN,NaN,NaN
3.7908,NaN,3.5316,3.726,NaN,3.4992,2.8512,3.7908,NaN,NaN,3.3048,3.4344,2.9808,3.0132,3.5316,NaN,2.9808,3.3372,3.2076,2.8512,2.6892,3.7584,3.078,3.402,3.7584,2.6892,3.1752,NaN,3.4992,3.4668,3.5316,NaN,NaN,3.1428,NaN,3.1104,3.726,NaN,3.9204,2.916,2.8836,NaN,NaN,NaN,2.8188,NaN,5.832,3.726,2.9808,2.8836
9.2988,9.7848,10.1736,8.5212,NaN,9.396,8.7156,7.8408,9.8172,8.0028,9.2664,7.4844,7.29,5.9616,8.5536,7.5168,8.424,6.4476,9.9792,6.7068,9.2988,8.0676,NaN,7.3548,6.2532,5.2488,NaN,4.5684,7.8408,7.5168,7.29,NaN,NaN,7.776,NaN,NaN,NaN,NaN,NaN,NaN,NaN,6.8688,NaN,NaN,NaN,NaN,8.0676,8.9748,NaN,8.6184
1.4256,1.5552,1.62,1.5876,1.2636,1.4256,1.5552,1.62,1.458,1.4256,1.4904,1.6524,1.3608,1.5228,1.0692,1.458,1.2312,1.4256,1.2636,1.2312,1.2636,1.5228,1.458,1.3284,1.2312,1.458,1.3932,1.2312,1.2636,1.134,1.4904,1.2636,1.458,1.296,1.3608,1.296,1.4256,1.3932,1.1988,1.2636,1.458,1.3608,1.4256,1.3932,1.296,1.62,1.3608,1.3932,1.4256,0.972
1.2636,2.43,1.1016,NaN,NaN,1.1664,NaN,1.1016,1.134,1.1988,NaN,NaN,NaN,NaN,NaN,NaN,NaN,NaN,NaN,NaN,NaN,NaN,NaN,NaN,NaN,1.0692,NaN,1.134,1.0044,NaN,NaN,NaN,1.5552,NaN,NaN,NaN,NaN,NaN,1.0692,NaN,NaN,NaN,1.1664,0.9072,NaN,0.972,NaN,0.81,0.8748,NaN
1.8144,2.4624,1.8144,3.7584,NaN,2.8836,1.5228,NaN,NaN,1.3932,1.0692,NaN,NaN,1.3608,NaN,3.2076,1.9116,NaN,NaN,2.3976,NaN,NaN,NaN,1.7496,4.4388,1.7172,NaN,NaN,2.0736,2.916,NaN,NaN,0.8748,NaN,NaN,1.5876,2.0736,NaN,0.7452,NaN,NaN,1.5228,1.8792,NaN,NaN,NaN,NaN,NaN,NaN,NaN
7.0632,2.9484,6.9984,6.804,4.6008,6.5448,NaN,7.2252,6.8688,8.586,NaN,NaN,8.262,NaN,7.776,NaN,8.6832,7.938,2.3652,NaN,NaN,NaN,NaN,7.8084,NaN,7.0956,1.6524,NaN,1.9116,NaN,NaN,NaN,1.458,NaN,NaN,NaN,1.5552,NaN,NaN,NaN,NaN,NaN,NaN,NaN,NaN,NaN,NaN,NaN,NaN,NaN
0.81,NaN,0.9072,NaN,NaN,1.296,NaN,1.8792,1.8792,1.3608,NaN,NaN,NaN,NaN,NaN,NaN,NaN,NaN,NaN,NaN,NaN,NaN,NaN,NaN,NaN,NaN,NaN,NaN,NaN,NaN,NaN,NaN,NaN,NaN,NaN,NaN,NaN,NaN,NaN,NaN,NaN,NaN,NaN,NaN,NaN,NaN,NaN,NaN,NaN,NaN
0.972,NaN,NaN,NaN,NaN,NaN,0.8424,NaN,0.7452,NaN,0.9396,NaN,NaN,NaN,1.5876,1.2636,NaN,NaN,1.0692,0.81,NaN,NaN,NaN,NaN,NaN,NaN,NaN,NaN,NaN,NaN,NaN,NaN,NaN,1.6524,NaN,NaN,NaN,NaN,NaN,NaN,NaN,NaN,NaN,NaN,0.972,NaN,NaN,1.134,NaN,NaN
0.972,NaN,NaN,NaN,NaN,1.2312,0.7452,0.9396,NaN,0.8748,0.7452,NaN,1.4904,0.81,1.134,1.2312,NaN,1.296,NaN,NaN,0.7452,1.2312,1.0368,0.81,0.9072,0.7776,1.3284,1.2312,0.9396,1.1664,1.0368,NaN,0.9072,1.0692,0.972,1.3284,0.9396,NaN,NaN,1.3932,0.9072,0.8424,NaN,NaN,NaN,NaN,0.9072,1.0044,1.3932,NaN
3.2724,3.7584,3.0132,4.1472,4.1472,4.0176,3.4992,3.8556,3.9528,4.0824,3.9852,3.4344,3.5964,3.6288,3.4668,3.4344,4.3416,3.7584,3.8232,3.5964,3.5316,3.7908,3.3048,3.8556,4.5684,4.2444,4.1796,3.5316,3.7908,4.7628,3.6936,3.888,2.8188,3.888,3.8232,3.8556,3.9528,3.564,3.7908,2.9484,3.9852,3.2076,4.4388,3.5316,4.0176,3.7908,3.7908,4.4712,4.2768,3.564
1.7172,3.2076,2.3976,3.8556,3.2724,0.972,NaN,2.2032,3.402,2.7216,2.5596,1.0692,NaN,1.7496,1.0692,1.6848,3.726,1.4256,3.6288,1.6848,2.1384,2.1708,NaN,NaN,0.81,NaN,NaN,NaN,NaN,2.268,1.9116,3.3048,2.1708,1.782,NaN,NaN,NaN,3.402,3.564,NaN,1.3608,2.3328,2.3652,NaN,NaN,3.4344,NaN,NaN,NaN,3.9204
0.7776,0.7452,1.1988,0.9396,NaN,1.4904,NaN,0.7452,NaN,NaN,0.7776,0.81,NaN,NaN,NaN,NaN,NaN,NaN,0.9072,NaN,NaN,0.8748,NaN,0.9072,NaN,NaN,NaN,NaN,NaN,0.7776,NaN,0.7776,NaN,NaN,NaN,1.0368,NaN,NaN,NaN,1.0044,NaN,NaN,NaN,NaN,NaN,1.0368,NaN,NaN,NaN,NaN
2.2032,1.1988,1.296,NaN,1.8468,1.1664,1.7496,NaN,NaN,2.43,1.8468,1.3284,NaN,1.2312,1.62,NaN,NaN,0.81,NaN,NaN,NaN,NaN,NaN,NaN,NaN,NaN,NaN,1.1016,NaN,NaN,NaN,NaN,NaN,3.2724,NaN,NaN,NaN,NaN,NaN,NaN,NaN,NaN,2.8836,NaN,NaN,NaN,3.4668,NaN,NaN,1.5552
0.81,NaN,NaN,1.3932,0.8748,1.1664,0.7452,1.1664,NaN,NaN,NaN,NaN,NaN,NaN,NaN,NaN,NaN,0.7452,NaN,NaN,1.0368,NaN,NaN,NaN,NaN,NaN,NaN,1.134,NaN,0.7776,NaN,NaN,1.8468,1.458,NaN,NaN,NaN,1.8792,0.972,NaN,NaN,1.0692,NaN,NaN,NaN,1.1988,NaN,NaN,NaN,NaN
0.9072,0.9072,0.9072,NaN,NaN,NaN,NaN,NaN,NaN,NaN,NaN,NaN,NaN,NaN,NaN,NaN,NaN,NaN,NaN,NaN,NaN,NaN,NaN,NaN,NaN,NaN,NaN,NaN,NaN,NaN,NaN,NaN,NaN,NaN,NaN,NaN,NaN,NaN,NaN,NaN,NaN,NaN,NaN,NaN,NaN,NaN,NaN,NaN,NaN,NaN
1.1016,0.8424,1.2312,0.7452,0.8424,0.9072,0.7776,NaN,0.8748,0.7776,0.7452,0.8748,0.8424,NaN,0.8424,0.8748,0.8748,0.7452,0.7776,0.81,0.9072,1.134,0.8748,NaN,NaN,NaN,1.0044,0.81,NaN,NaN,0.81,0.81,NaN,NaN,0.8748,0.81,NaN,1.0368,0.972,0.7776,0.8424,0.9396,0.9072,0.972,1.0044,NaN,0.972,NaN,NaN,0.9396
2.7864,3.1752,3.3048,2.5272,2.3976,2.268,2.2356,2.1384,2.5596,2.1708,1.9764,NaN,NaN,NaN,NaN,NaN,NaN,NaN,NaN,NaN,NaN,NaN,NaN,NaN,1.3932,NaN,NaN,NaN,NaN,NaN,NaN,NaN,NaN,NaN,NaN,NaN,NaN,NaN,1.5552,NaN,1.4256,1.62,1.2636,1.0044,1.0368,NaN,NaN,NaN,1.0692,NaN
1.944,4.4388,0.7452,NaN,1.0368,NaN,NaN,NaN,NaN,NaN,NaN,0.972,1.1016,NaN,NaN,2.268,3.3696,1.62,NaN,NaN,2.8188,NaN,NaN,NaN,4.0824,3.24,5.0544,1.8792,2.106,1.5876,1.296,NaN,1.6524,NaN,2.6244,1.5552,NaN,1.9116,2.8188,2.9484,NaN,2.6244,2.592,NaN,NaN,2.3328,1.2312,NaN,0.7776,NaN
2.43,2.3328,2.4948,2.592,2.5596,2.4948,2.2356,2.3652,2.1384,2.4624,2.3004,2.0088,2.3004,1.9764,NaN,2.3004,1.782,2.1708,2.2356,1.944,1.5228,2.2356,1.8468,1.944,2.106,1.2636,1.5228,2.1384,1.8468,2.3652,2.3976,2.2032,2.1384,2.1384,2.106,2.4948,2.2032,1.8792,NaN,2.0736,2.3004,2.106,2.268,1.0044,1.9116,1.9764,1.9764,NaN,1.7172,1.7172
1.6848,1.7172,1.62,3.24,2.9808,2.4624,1.5876,NaN,NaN,1.8144,1.944,2.8512,NaN,1.62,1.7172,NaN,NaN,1.9116,NaN,1.9116,NaN,1.5876,1.62,NaN,NaN,2.6244,NaN,2.3328,NaN,NaN,NaN,NaN,NaN,1.8468,NaN,NaN,NaN,NaN,NaN,NaN,1.5552,1.0368,1.458,NaN,NaN,NaN,1.8144,1.5552,NaN,1.62
1.1664,1.1664,0.972,NaN,NaN,1.1988,NaN,1.3284,NaN,0.8748,1.1016,NaN,NaN,0.7776,0.7776,NaN,0.8424,NaN,1.1988,0.9396,1.1664,1.0044,0.81,1.0368,1.2636,NaN,NaN,1.0368,1.3284,0.9396,1.0692,1.134,0.8424,0.7776,0.7452,1.0692,1.1664,NaN,NaN,NaN,NaN,NaN,1.0692,1.1016,0.7776,1.458,1.3284,NaN,1.134,0.9072
2.2356,1.1664,1.8468,1.8468,NaN,NaN,1.9764,2.0088,NaN,NaN,1.8792,1.0692,1.3284,0.7776,1.2636,NaN,1.8468,1.6848,2.1384,1.9116,1.0044,1.7496,1.458,NaN,1.8144,1.5228,NaN,1.782,1.5876,NaN,2.0088,2.8188,1.6848,1.5876,1.6848,NaN,2.3328,1.9116,1.944,2.4948,NaN,0.7776,NaN,NaN,1.6848,NaN,3.078,NaN,NaN,2.8836
0.8424,NaN,NaN,2.2356,NaN,2.5596,NaN,NaN,NaN,NaN,NaN,NaN,NaN,NaN,NaN,NaN,1.1664,NaN,NaN,NaN,NaN,NaN,NaN,NaN,NaN,NaN,NaN,NaN,NaN,0.8424,NaN,NaN,NaN,NaN,NaN,NaN,NaN,NaN,NaN,NaN,NaN,NaN,NaN,NaN,NaN,NaN,NaN,NaN,NaN,NaN
1.2636,NaN,NaN,1.5228,NaN,1.3608,0.9396,1.2636,1.4904,1.5552,NaN,NaN,1.296,1.2636,0.81,NaN,0.8424,1.5228,NaN,NaN,NaN,0.81,1.2312,1.0692,1.9764,2.3004,1.3608,NaN,0.972,0.7776,1.3284,1.8792,NaN,1.134,1.2636,NaN,1.8144,1.4256,1.134,1.3284,NaN,NaN,NaN,1.458,1.8792,1.3932,1.1016,NaN,NaN,NaN
0.8424,1.2312,NaN,1.296,0.8748,NaN,1.4904,NaN,0.8748,1.5552,0.9396,0.9072,1.0368,0.972,1.1016,1.0368,1.0368,1.0368,NaN,0.9072,NaN,1.1988,1.2312,NaN,1.1988,1.0692,1.134,NaN,NaN,0.7776,NaN,NaN,NaN,0.8748,0.7776,NaN,NaN,NaN,NaN,NaN,NaN,NaN,NaN,NaN,NaN,NaN,NaN,NaN,NaN,NaN
1.3608,1.3284,1.134,NaN,1.296,NaN,1.4904,1.8792,2.3004,2.2356,1.4256,1.5552,1.7172,1.458,0.9396,2.1384,1.1988,1.2312,1.4904,1.0692,1.4904,2.2032,1.7496,2.268,1.5228,2.2356,2.4948,1.4256,1.7496,1.62,2.7864,2.5272,2.2032,1.944,1.2636,2.1708,2.2356,2.4948,1.1664,1.5552,1.3284,1.3932,1.0692,NaN,1.7172,1.782,1.134,2.8512,1.8144,1.62
1.3284,NaN,0.7776,NaN,0.9072,NaN,NaN,1.5552,NaN,NaN,NaN,NaN,NaN,NaN,NaN,NaN,NaN,0.81,NaN,NaN,1.8468,1.6848,NaN,NaN,NaN,NaN,0.7776,NaN,NaN,NaN,NaN,NaN,1.1016,1.62,0.7452,NaN,2.106,0.81,NaN,NaN,NaN,NaN,NaN,NaN,1.8792,1.7496,NaN,0.7452,NaN,NaN
3.1752,3.078,2.3328,NaN,2.5596,NaN,2.6892,NaN,NaN,4.212,3.6612,3.0132,5.4432,2.6568,2.9808,NaN,4.536,2.5272,3.5964,1.8144,2.268,2.3976,2.9808,3.5964,2.0412,2.268,5.2164,2.6568,2.1708,4.2768,4.1472,2.6892,2.6892,3.5316,2.5596,3.6612,1.8792,2.9484,1.782,NaN,2.754,NaN,2.0088,2.5272,2.3976,NaN,1.8144,NaN,NaN,NaN
1.3932,0.9072,1.0692,1.5228,1.1016,0.9396,1.2312,1.1664,1.3932,1.0368,1.4256,1.3608,1.5552,1.1016,1.1988,1.3608,0.7776,1.3284,1.0044,1.3932,1.0368,1.5552,1.4256,1.9116,1.2312,0.972,1.2636,1.1664,1.134,1.1016,0.9396,1.0044,NaN,1.1664,1.0044,1.1016,1.3608,1.4256,1.1016,0.7452,NaN,1.0368,NaN,0.8748,0.9072,0.7452,0.7452,0.9396,0.7776,0.8748
0.9072,0.8424,0.8748,1.1016,0.972,0.972,0.8748,0.9072,0.7452,1.0692,0.8424,1.0044,1.1016,0.972,1.3284,1.0368,1.0044,0.8424,0.8424,1.1988,1.1016,NaN,0.8748,NaN,0.81,0.9072,0.7452,1.0368,0.8424,0.9396,1.0692,0.8748,NaN,1.0368,1.134,NaN,NaN,NaN,0.8748,1.2312,NaN,0.7452,1.0368,0.8748,0.8748,0.81,1.134,0.8424,0.9072,NaN
0.7776,NaN,NaN,NaN,NaN,NaN,NaN,NaN,NaN,NaN,NaN,0.7452,1.0692,NaN,NaN,NaN,0.81,NaN,NaN,NaN,NaN,NaN,NaN,NaN,NaN,NaN,NaN,NaN,NaN,NaN,NaN,NaN,NaN,NaN,NaN,NaN,NaN,NaN,NaN,NaN,NaN,NaN,NaN,NaN,NaN,NaN,NaN,NaN,NaN,NaN
1.1988,1.1016,0.7776,NaN,NaN,1.0368,NaN,0.8748,NaN,NaN,NaN,1.1016,0.9072,1.4904,NaN,NaN,NaN,NaN,NaN,NaN,NaN,NaN,NaN,NaN,NaN,NaN,2.1708,NaN,NaN,NaN,NaN,NaN,NaN,NaN,NaN,1.6524,1.134,1.3608,NaN,NaN,NaN,0.7776,NaN,NaN,NaN,NaN,NaN,NaN,NaN,NaN
2.0736,1.5876,NaN,NaN,2.592,NaN,3.9528,NaN,NaN,NaN,NaN,NaN,NaN,NaN,NaN,8.3268,NaN,NaN,NaN,NaN,NaN,NaN,NaN,NaN,NaN,NaN,NaN,NaN,1.3608,NaN,0.81,NaN,NaN,NaN,NaN,NaN,NaN,NaN,NaN,NaN,NaN,NaN,NaN,NaN,0.8748,NaN,NaN,NaN,NaN,NaN
1.1988,NaN,1.3932,1.0692,1.2636,0.972,0.9396,0.8424,NaN,1.5876,0.7452,NaN,NaN,NaN,NaN,NaN,NaN,0.81,NaN,0.9396,NaN,0.9396,1.0044,0.9396,NaN,0.7452,1.1988,NaN,1.2312,NaN,NaN,NaN,NaN,NaN,NaN,NaN,NaN,NaN,NaN,NaN,NaN,0.972,NaN,NaN,0.7452,NaN,NaN,NaN,NaN,NaN
0.81,NaN,NaN,NaN,NaN,NaN,NaN,NaN,NaN,NaN,1.1988,NaN,0.7776,0.7452,NaN,NaN,0.7776,NaN,NaN,NaN,NaN,0.8424,NaN,NaN,NaN,NaN,NaN,0.9072,NaN,0.8424,NaN,NaN,NaN,NaN,NaN,NaN,NaN,0.81,NaN,NaN,NaN,NaN,NaN,0.81,NaN,NaN,0.8424,NaN,NaN,NaN
1.3932,NaN,1.8792,NaN,0.7776,NaN,NaN,NaN,0.7452,0.7776,NaN,NaN,0.7776,NaN,0.9396,1.0692,0.8748,NaN,NaN,NaN,NaN,NaN,NaN,NaN,NaN,NaN,NaN,NaN,NaN,NaN,NaN,NaN,NaN,NaN,NaN,NaN,NaN,NaN,NaN,NaN,NaN,NaN,NaN,NaN,NaN,NaN,NaN,NaN,NaN,NaN
0.9396,0.7776,2.0088,0.972,0.8424,NaN,NaN,NaN,NaN,NaN,NaN,0.9396,NaN,NaN,NaN,NaN,1.62,NaN,NaN,0.7452,1.3284,NaN,NaN,0.7776,NaN,0.8424,NaN,NaN,NaN,NaN,0.8748,NaN,NaN,NaN,NaN,0.972,NaN,NaN,NaN,NaN,NaN,NaN,0.8424,NaN,NaN,0.7776,NaN,1.0692,NaN,NaN
2.3328,1.9764,2.2356,2.2032,1.5876,2.2032,2.2356,2.268,2.3004,1.9764,2.1384,1.7172,2.0088,2.0736,2.2032,1.4256,1.5552,1.4904,1.62,1.458,1.5228,1.6524,1.9116,2.0736,1.782,1.8792,2.3328,1.4904,1.3284,1.3608,1.458,1.7496,2.1384,1.944,1.7172,1.944,NaN,1.9116,1.7496,1.8144,1.296,1.5228,1.944,1.3932,1.7496,1.7172,1.62,1.5552,1.6848,1.782
0.8424,1.0692,0.7776,0.7776,0.8424,0.7452,1.944,2.3652,NaN,1.458,1.4256,1.458,NaN,NaN,1.944,NaN,1.5552,2.1384,NaN,NaN,1.6848,NaN,1.7172,NaN,NaN,1.3932,0.81,NaN,0.9072,NaN,2.106,NaN,1.1664,0.8748,NaN,0.9396,NaN,NaN,1.296,0.81,NaN,NaN,NaN,NaN,1.7496,NaN,3.9852,0.9396,NaN,1.6848
0.7452,NaN,NaN,0.9072,NaN,0.7452,0.9072,1.1016,0.81,1.0368,0.9072,1.0692,0.8424,NaN,NaN,1.0044,NaN,1.0692,NaN,1.0368,1.4904,1.1988,1.2312,1.134,0.8748,1.0692,1.3932,NaN,0.9072,1.1016,1.0368,NaN,NaN,2.3652,NaN,NaN,0.8748,NaN,NaN,NaN,0.81,NaN,2.43,2.0088,NaN,NaN,1.1664,1.1016,1.3284,1.296
4.6332,3.4668,3.7908,2.106,1.782,3.888,1.9116,3.2076,2.3976,2.6244,2.268,1.3284,2.0412,1.296,2.1384,1.782,3.0456,2.43,3.3048,2.3652,2.1708,2.0088,1.9116,1.5552,2.6244,3.5316,2.8188,3.5316,2.0088,3.3048,3.564,1.1016,NaN,NaN,NaN,NaN,NaN,1.2312,1.3608,1.1988,NaN,1.1988,NaN,NaN,NaN,1.8792,1.0692,NaN,NaN,NaN
1.5876,1.2636,NaN,1.3932,1.62,1.4256,NaN,1.7172,1.62,1.458,1.4256,NaN,1.4904,1.4904,1.3608,1.1016,1.458,NaN,1.5228,1.6848,0.7776,1.62,1.0368,1.0368,2.0412,1.8144,1.9764,1.7496,NaN,NaN,NaN,3.564,1.8144,NaN,NaN,1.1664,NaN,NaN,NaN,NaN,2.0412,1.944,2.1708,1.6848,1.3608,1.782,2.0412,1.2636,NaN,1.7496
1.2312,1.2312,1.1988,NaN,1.6848,1.5228,NaN,0.8748,NaN,NaN,NaN,0.8748,NaN,NaN,NaN,NaN,NaN,1.0044,NaN,1.62,1.5876,NaN,NaN,NaN,NaN,NaN,NaN,NaN,NaN,NaN,1.2636,NaN,1.3284,NaN,NaN,NaN,NaN,NaN,0.8748,NaN,0.9072,NaN,1.3932,NaN,1.1016,NaN,NaN,NaN,NaN,NaN
2.43,2.3328,NaN,2.4948,1.7496,0.9072,1.0368,1.4256,1.3932,0.8424,1.1664,1.62,1.4904,NaN,1.0368,1.0368,1.3932,2.4948,2.3976,NaN,NaN,2.0412,1.944,0.81,1.8144,NaN,0.972,NaN,NaN,NaN,1.134,NaN,NaN,NaN,NaN,NaN,4.05,NaN,NaN,NaN,NaN,NaN,NaN,NaN,NaN,3.9528,NaN,1.7172,1.8792,NaN
1.1016,NaN,0.7452,1.1988,1.0044,0.8424,NaN,1.134,0.972,0.9072,1.1988,NaN,NaN,1.0368,0.972,0.7452,0.7452,NaN,0.7776,NaN,0.7452,0.9396,1.0044,0.9396,NaN,1.0692,1.0044,0.9072,1.62,1.9116,1.6524,1.458,1.6524,1.3608,1.5552,1.7496,1.6848,1.3284,1.3608,1.296,1.134,NaN,NaN,NaN,NaN,NaN,NaN,NaN,NaN,NaN
0.8748,0.7452,1.0044,NaN,0.8748,1.944,1.0044,1.1016,2.6892,1.3608,0.972,1.0044,NaN,0.972,1.2312,1.3284,1.3608,1.2636,1.296,0.7452,1.134,1.8144,0.9072,0.7452,1.2636,1.1664,1.1988,1.0368,1.134,1.1664,1.9116,1.1664,1.782,2.3328,1.6848,1.5552,1.5552,1.0368,1.0368,1.134,0.7776,0.7776,1.0368,1.3284,1.2636,0.81,1.0368,1.134,0.972,NaN
1.7172,1.62,1.5876,1.7172,1.2636,1.6524,1.7172,1.4904,1.7172,1.5552,1.5876,1.2312,1.8468,1.0044,1.6524,NaN,NaN,1.5228,1.4256,1.9764,1.4256,1.3284,1.6524,1.7496,1.6524,1.5228,1.5876,1.3932,1.2636,1.0044,1.5552,1.458,1.8144,1.7172,1.458,1.782,1.9764,1.7496,1.6848,1.5876,1.3284,1.5552,1.944,1.458,1.5876,1.5552,1.3608,1.458,1.5552,1.3608
1.7496,1.4256,2.7216,1.6848,1.2636,1.782,1.8792,2.1384,1.458,2.3652,1.4256,NaN,NaN,NaN,1.7172,2.3976,1.7496,1.8468,2.0088,2.2032,1.9116,1.9764,1.9116,2.0088,2.3004,1.9116,NaN,NaN,2.0412,2.268,1.9116,2.3976,NaN,1.782,NaN,NaN,NaN,NaN,NaN,NaN,NaN,NaN,NaN,NaN,NaN,NaN,NaN,NaN,NaN,NaN
1.296,1.1016,1.8468,0.9072,NaN,1.944,1.2636,0.7776,1.1664,1.0692,1.7172,NaN,0.9072,1.3608,NaN,1.6848,1.3284,0.972,0.7452,1.0368,0.8424,1.3608,1.5228,1.6524,NaN,1.7496,NaN,NaN,NaN,1.5228,NaN,2.1384,NaN,1.5228,NaN,NaN,1.9116,NaN,NaN,2.0412,NaN,NaN,NaN,NaN,NaN,NaN,NaN,NaN,NaN,NaN
0.9072,NaN,NaN,1.2312,NaN,NaN,NaN,1.3608,NaN,NaN,1.0044,NaN,0.972,1.3608,NaN,NaN,NaN,NaN,NaN,0.8748,NaN,1.9116,1.4256,1.8468,1.0044,NaN,1.1664,0.8748,1.134,NaN,NaN,NaN,NaN,NaN,NaN,NaN,NaN,0.972,NaN,NaN,1.0692,NaN,NaN,1.6848,NaN,NaN,1.0368,1.134,NaN,1.0044
1.944,2.4624,NaN,2.2032,1.782,2.8512,3.0456,2.3328,NaN,2.916,2.9484,2.8836,2.6892,NaN,2.0088,2.7216,NaN,2.43,2.592,1.62,NaN,NaN,NaN,2.3652,NaN,NaN,4.7628,NaN,0.9396,0.8748,0.8748,1.8468,4.212,NaN,0.7452,1.3608,NaN,1.9116,1.5876,NaN,NaN,NaN,NaN,0.8748,1.3284,1.0368,0.9396,NaN,0.81,NaN
1.782,1.7496,NaN,2.1708,2.0412,1.2312,1.296,1.8792,NaN,1.3284,1.4256,1.5552,1.7496,0.9396,0.972,1.6848,NaN,0.9396,1.2312,1.2636,0.8748,1.1988,1.5228,1.3284,NaN,2.0736,1.5876,NaN,3.1752,1.0368,2.0736,1.8144,1.0692,1.9764,NaN,NaN,NaN,2.916,1.6524,3.078,2.592,1.5552,1.8144,1.1016,NaN,1.6524,1.9116,2.754,3.4344,3.0132
3.7584,3.5964,3.4344,2.2356,3.402,4.0824,4.0176,4.1796,4.698,5.2488,NaN,4.698,3.7908,3.4344,NaN,4.0824,4.4064,4.9572,4.5684,4.4712,0.9072,NaN,NaN,1.1016,NaN,NaN,NaN,NaN,NaN,NaN,NaN,NaN,NaN,NaN,NaN,NaN,NaN,NaN,NaN,NaN,NaN,NaN,NaN,NaN,NaN,NaN,NaN,NaN,NaN,NaN
3.6936,3.564,3.5964,3.5964,3.6612,3.9204,1.458,NaN,NaN,NaN,NaN,1.5552,NaN,1.458,3.6612,3.4992,3.4992,1.296,NaN,NaN,NaN,NaN,1.2636,1.2636,NaN,NaN,NaN,NaN,NaN,NaN,1.4904,3.402,2.9808,3.564,3.402,3.1752,3.6936,3.4992,3.3048,3.4344,1.4256,1.458,NaN,NaN,NaN,1.3932,NaN,1.2312,1.458,NaN
8.262,1.62,NaN,NaN,NaN,NaN,NaN,NaN,NaN,NaN,NaN,NaN,NaN,NaN,NaN,1.0692,NaN,1.8468,NaN,NaN,NaN,2.8836,NaN,NaN,NaN,NaN,NaN,NaN,NaN,NaN,NaN,NaN,NaN,NaN,NaN,NaN,NaN,NaN,NaN,NaN,NaN,NaN,NaN,NaN,NaN,NaN,NaN,NaN,NaN,NaN
1.6848,1.3608,2.0088,1.5552,1.5876,1.1988,NaN,NaN,2.592,1.62,2.2032,2.3652,1.9116,1.0368,2.3976,1.5876,2.3652,NaN,NaN,NaN,1.62,1.9116,1.9764,1.5552,2.6568,1.782,1.7496,1.1664,1.2312,2.0736,2.1384,2.0412,1.296,1.1664,1.2312,2.3328,1.7172,2.6892,1.5552,NaN,2.4948,2.1708,NaN,NaN,NaN,2.6244,2.916,1.6524,NaN,NaN
3.3048,0.7776,NaN,1.8144,1.7496,1.7172,4.2768,NaN,NaN,3.0456,NaN,NaN,NaN,NaN,2.3328,NaN,NaN,NaN,0.8748,1.0044,0.9396,NaN,1.2312,0.7776,NaN,NaN,0.9396,0.81,1.0368,0.7452,NaN,NaN,NaN,NaN,NaN,NaN,NaN,NaN,NaN,NaN,NaN,NaN,NaN,NaN,NaN,NaN,0.9072,NaN,NaN,0.8424
1.3608,0.9072,1.2312,1.2312,1.1664,1.2636,1.0044,1.2636,NaN,1.458,1.134,NaN,1.1988,0.9396,1.2312,0.7776,1.296,1.0368,1.134,1.2312,NaN,1.1016,1.2636,1.1016,1.3284,1.2312,1.1664,1.296,1.0368,1.1016,1.2636,1.2636,NaN,1.2312,0.972,1.1016,1.0368,1.1016,1.0044,NaN,1.1664,NaN,1.3608,1.3932,1.296,0.8748,1.1664,NaN,0.9072,1.458
2.9484,1.9116,1.782,1.3608,NaN,NaN,1.782,NaN,NaN,2.0736,2.7216,NaN,NaN,1.3932,2.1384,2.1708,NaN,1.458,1.1016,1.6848,1.5876,NaN,1.5228,1.0368,0.9072,1.2312,1.3608,0.7452,0.8748,0.972,NaN,NaN,NaN,NaN,0.7452,NaN,0.8748,0.9072,NaN,NaN,1.1016,NaN,0.8748,1.0692,1.0692,0.7452,1.296,NaN,NaN,NaN
2.3004,2.1708,1.134,1.5228,1.9764,1.2636,1.0044,1.458,1.8792,1.7172,1.9116,1.458,1.5552,1.7172,0.9396,1.1016,1.8468,1.1016,1.2312,1.4904,1.2636,1.0044,1.134,1.5552,NaN,0.972,1.0692,0.9396,0.8748,NaN,NaN,NaN,NaN,NaN,0.9396,NaN,NaN,NaN,1.134,0.972,1.3932,1.0368,1.0044,1.3284,1.134,0.9396,1.0368,0.972,NaN,1.0044
2.916,2.8836,2.6892,2.7216,2.8188,2.916,2.6892,2.9484,2.8188,2.9808,2.8188,2.754,2.8512,2.754,2.8188,2.8512,2.7216,3.078,2.916,2.9484,2.754,2.8188,2.8512,2.7216,2.916,2.916,2.8512,2.7864,2.7216,2.7864,2.7216,2.754,2.6568,2.916,2.8836,2.7216,2.7864,2.6892,2.8188,2.6568,2.5272,2.6568,2.754,2.5272,2.5272,2.5596,2.6244,2.4948,2.7216,2.5596
0.9396,0.81,0.7452,0.972,NaN,1.134,NaN,1.2312,1.4256,1.3284,0.81,0.81,0.972,1.0692,0.7452,NaN,NaN,1.0044,0.8424,0.8424,1.1664,1.4256,NaN,0.9072,0.9396,1.1664,1.1988,1.296,0.972,NaN,NaN,NaN,0.7452,0.7776,1.2312,NaN,NaN,NaN,NaN,0.9072,NaN,NaN,NaN,0.7776,0.81,NaN,NaN,NaN,NaN,NaN
2.1384,0.9072,1.3932,1.3608,2.592,1.0044,NaN,0.8748,2.3004,2.4624,0.972,NaN,2.2356,0.9396,NaN,NaN,2.6892,NaN,2.1708,2.6568,1.5228,NaN,1.5876,NaN,NaN,NaN,NaN,NaN,1.9764,NaN,0.81,NaN,1.134,2.0736,1.3932,1.1988,NaN,0.9072,NaN,NaN,NaN,NaN,NaN,2.0088,0.9396,NaN,NaN,NaN,NaN,0.9396
2.592,1.1664,0.7776,1.8144,0.972,0.9396,1.0044,2.5596,1.2312,2.4948,1.0044,NaN,NaN,NaN,NaN,NaN,NaN,NaN,NaN,NaN,NaN,2.6892,1.3608,NaN,1.2636,2.2356,1.6524,NaN,NaN,NaN,NaN,NaN,1.7172,NaN,NaN,NaN,NaN,NaN,NaN,NaN,NaN,NaN,NaN,NaN,NaN,NaN,NaN,NaN,NaN,NaN
3.5316,3.3372,2.916,2.6568,3.1752,3.4668,2.2032,3.888,2.3652,2.5272,2.3976,2.3652,2.7216,2.0736,2.4948,2.3004,2.916,2.7216,2.268,2.5596,2.1708,2.4624,1.8144,3.9852,2.0412,2.7864,2.4624,2.5596,2.8188,2.2032,2.8188,4.2768,5.7348,3.6936,3.2724,3.6936,3.3372,2.0736,3.8556,2.6568,2.6892,2.6568,2.5272,0.7452,NaN,NaN,NaN,0.81,NaN,NaN
0.8748,1.1016,1.1016,1.1016,1.0044,1.1664,1.1988,1.2312,1.0368,0.9396,0.81,0.8424,0.8748,0.7452,0.9396,1.0044,1.1016,0.81,1.3284,1.0368,0.9396,0.8748,0.7776,1.0044,0.81,1.1988,0.9396,NaN,1.0692,1.134,0.81,0.972,NaN,1.1016,1.1664,1.0044,1.2312,0.81,1.2636,1.0692,1.0044,1.0692,0.8748,0.972,1.1664,0.972,0.972,0.81,1.1664,1.1664
1.0368,1.296,0.9396,1.296,NaN,NaN,1.1664,NaN,NaN,1.6524,1.1016,NaN,NaN,NaN,0.8424,0.8748,NaN,1.134,NaN,1.3932,1.2636,NaN,NaN,NaN,0.9396,NaN,NaN,NaN,NaN,1.5552,NaN,NaN,NaN,NaN,NaN,NaN,1.3284,1.1988,1.0368,1.3608,1.134,1.2312,0.972,1.134,1.4904,NaN,0.972,NaN,0.7452,NaN
2.0412,2.0088,2.106,2.0088,2.1708,2.1708,2.1384,2.3328,2.5272,2.1708,2.0412,1.8792,2.0088,1.8468,2.0088,1.8468,2.0736,1.9116,1.9116,2.1384,2.106,2.106,2.1708,2.1384,2.0088,1.9764,2.3328,1.9764,2.106,2.106,2.0736,2.1708,2.1708,1.9764,1.944,2.106,1.8792,2.0736,2.1384,2.1708,1.9764,1.944,1.9116,2.0412,2.106,2.1384,2.1384,1.7496,1.9764,2.268
1.1664,1.1016,1.134,1.5228,0.9072,1.1016,1.2312,1.1664,NaN,0.8748,1.0692,1.3284,1.134,NaN,1.134,1.134,NaN,0.972,NaN,NaN,NaN,NaN,NaN,NaN,NaN,NaN,1.5552,NaN,2.0412,1.8144,0.7452,NaN,NaN,NaN,1.2312,NaN,NaN,NaN,NaN,NaN,NaN,NaN,NaN,NaN,NaN,NaN,NaN,NaN,NaN,NaN
3.1752,3.6936,1.8144,1.8468,2.8512,2.9484,1.944,2.3004,2.6244,2.3328,2.0736,2.0736,1.7172,2.2356,2.3652,2.106,2.1384,2.2356,2.4948,2.754,2.0412,2.7864,3.1428,1.944,1.5876,2.7216,2.5272,1.8792,2.9484,2.6244,2.6568,2.2356,0.81,1.944,1.8792,1.944,1.8468,1.2636,2.3976,2.3976,2.2032,3.0456,2.0736,1.9116,1.9764,2.1708,2.3004,2.0088,1.8144,1.2636
1.1664,0.81,NaN,1.0044,NaN,NaN,NaN,NaN,NaN,NaN,NaN,NaN,0.7452,NaN,0.7776,NaN,NaN,NaN,NaN,NaN,NaN,NaN,NaN,NaN,NaN,NaN,NaN,NaN,NaN,NaN,NaN,NaN,0.9396,1.3284,1.0044,0.9396,NaN,NaN,1.0368,NaN,NaN,NaN,NaN,NaN,NaN,NaN,NaN,NaN,NaN,NaN
2.0088,3.1428,2.0088,1.3608,2.8836,2.2356,3.4668,2.3976,NaN,2.6892,NaN,1.7172,2.9484,1.2312,2.268,1.62,2.1384,1.7172,2.8188,1.3284,2.0088,4.4388,1.944,0.9396,NaN,NaN,NaN,NaN,NaN,1.6524,NaN,NaN,1.296,NaN,NaN,NaN,NaN,1.1988,NaN,NaN,1.1664,NaN,NaN,NaN,1.2312,NaN,1.6848,NaN,NaN,NaN
2.5596,2.1708,2.4948,1.8468,NaN,1.5552,NaN,0.9396,2.3976,0.7776,NaN,NaN,NaN,NaN,NaN,NaN,NaN,NaN,NaN,NaN,NaN,NaN,NaN,NaN,NaN,NaN,NaN,NaN,NaN,NaN,NaN,NaN,NaN,NaN,NaN,NaN,NaN,NaN,NaN,NaN,NaN,NaN,NaN,NaN,NaN,NaN,NaN,NaN,NaN,NaN
3.888,2.7216,3.078,2.9808,2.5272,2.8188,2.916,2.916,2.8836,3.0456,2.7216,2.7216,2.7864,2.7864,2.592,2.7864,2.5596,2.2032,2.3004,2.2356,2.3328,2.6244,2.592,2.6568,2.3976,3.5964,2.8188,2.5272,1.62,2.6892,2.3004,2.3652,2.4948,2.43,2.2356,2.4624,2.6568,2.6892,1.4256,1.296,2.9808,2.3976,2.5272,2.5272,2.4948,2.4624,2.6568,NaN,NaN,NaN
1.0368,1.4256,1.0692,0.9072,0.972,1.0692,1.0692,2.7864,0.9072,1.1988,1.0692,1.4904,1.458,1.1664,1.458,1.2312,1.3608,1.1988,1.8144,1.0044,NaN,0.8748,NaN,NaN,NaN,NaN,NaN,NaN,NaN,0.7452,NaN,NaN,NaN,NaN,NaN,NaN,NaN,NaN,NaN,NaN,NaN,NaN,NaN,NaN,NaN,NaN,NaN,NaN,NaN,NaN
0.8424,0.7776,0.8748,NaN,0.7452,0.8748,1.3608,NaN,1.1664,NaN,0.8748,NaN,NaN,NaN,0.972,NaN,0.9072,NaN,0.81,NaN,NaN,NaN,NaN,1.5876,1.5228,1.6848,1.2636,0.7452,NaN,NaN,NaN,0.9072,NaN,NaN,1.296,0.8424,1.5552,1.8144,1.782,1.1016,1.296,1.3608,0.7452,0.7776,1.0692,1.0368,1.0044,1.1664,1.0368,0.81
0.9396,0.7776,1.0692,0.8424,NaN,0.7452,0.8748,NaN,1.0368,0.9396,NaN,0.7452,0.8424,NaN,NaN,0.8424,NaN,NaN,NaN,NaN,NaN,0.9396,0.81,0.9072,NaN,NaN,NaN,0.8748,NaN,NaN,NaN,1.1988,NaN,NaN,NaN,0.8748,NaN,NaN,0.81,NaN,NaN,NaN,NaN,NaN,1.0692,NaN,NaN,NaN,0.8424,NaN
1.2636,1.1988,1.2312,1.1988,1.1988,1.2636,1.3608,1.2636,1.2636,1.3608,1.1016,1.1016,1.3284,1.134,1.3284,1.1988,1.134,1.2312,1.296,1.1988,1.2312,1.4256,1.134,1.4904,1.2312,1.1988,1.296,1.1664,1.296,1.2636,1.0044,1.134,1.1664,1.1988,1.296,1.3932,1.7172,1.1988,1.4256,1.1664,1.3932,1.1664,1.3932,1.3284,1.0692,1.3932,1.1988,1.2636,1.1664,1.2312
1.3284,1.1016,1.2312,1.0368,0.972,0.972,1.0044,0.81,1.458,1.0692,1.0692,1.1016,0.972,0.9396,1.1016,0.972,0.9072,1.0044,0.7776,0.9072,0.9072,0.81,0.7776,1.0368,0.8748,0.9396,1.0368,NaN,0.8748,0.9396,0.9396,1.0692,0.972,0.972,NaN,NaN,1.2312,1.0044,1.1016,1.134,0.9396,1.1016,1.1988,1.0692,0.9072,0.8424,1.2312,1.0044,0.9396,1.0044
0.8748,1.2312,1.7496,1.7172,1.4256,2.2032,1.296,1.62,1.6524,1.458,0.8748,1.1988,1.944,1.296,1.4256,1.5876,2.106,1.5228,1.3932,1.4904,1.2312,1.3932,2.268,1.3608,1.2636,2.0736,1.782,1.9764,0.9072,2.0088,1.3284,1.296,1.6524,1.6524,1.8792,2.6568,1.944,1.3932,1.3284,0.972,1.7172,1.1016,1.8144,2.0088,1.9764,1.6524,1.4256,1.2312,1.0368,0.972
3.2724,2.3004,1.7172,1.5228,2.6244,1.0368,1.8792,1.6848,2.106,2.0736,2.106,0.7452,2.1384,2.3004,0.9396,NaN,NaN,NaN,0.9396,NaN,NaN,NaN,NaN,NaN,NaN,2.754,2.6244,1.8468,1.9764,1.8468,1.6848,2.1384,2.268,NaN,1.782,2.4948,3.4344,NaN,3.1428,3.6936,2.0088,2.6244,2.268,1.1664,NaN,2.8836,1.944,1.782,2.9808,1.8468
0.8748,0.8748,NaN,NaN,NaN,0.8748,NaN,1.3932,2.3004,1.4904,1.134,1.0368,1.3284,0.9072,NaN,NaN,0.9072,NaN,NaN,0.972,NaN,NaN,0.9072,NaN,NaN,1.1016,1.1016,NaN,NaN,NaN,NaN,0.9396,NaN,NaN,NaN,NaN,0.972,NaN,NaN,NaN,NaN,NaN,NaN,NaN,NaN,NaN,NaN,NaN,NaN,NaN
0.8748,1.0044,0.972,0.8748,0.8424,1.1016,0.9396,0.8424,0.7776,0.9072,0.8748,NaN,1.0692,0.8748,NaN,NaN,0.9072,0.7776,0.9072,0.8424,NaN,0.8748,0.81,0.8424,0.81,0.81,NaN,0.81,NaN,0.7776,0.7776,0.7776,0.9072,0.8748,1.0692,1.782,1.0044,0.8424,0.972,0.81,0.9072,0.9072,0.8424,0.8748,0.7452,0.9396,0.8424,0.7776,0.81,0.8424
1.8792,1.4904,1.8468,0.9072,1.1664,1.782,NaN,1.296,0.7776,1.3608,NaN,2.1384,1.5228,1.4256,1.7496,1.5876,1.5228,1.3608,1.5876,1.296,1.3608,1.7496,1.5876,1.9764,1.6524,NaN,1.8468,1.8468,1.7496,2.268,1.3608,1.3608,1.3284,1.458,1.3932,1.0692,NaN,1.458,1.5876,1.2312,1.0044,1.5228,NaN,1.5552,1.4904,1.5228,1.4904,1.2636,1.1988,1.4904
1.296,1.9764,0.7776,1.6524,1.296,1.8468,1.1988,1.1016,1.296,1.1988,0.81,1.0368,1.4256,1.3608,1.4904,1.6848,NaN,1.6848,NaN,0.7452,1.458,1.0368,1.134,1.1664,0.81,1.3932,1.1664,1.5552,1.3608,1.5552,1.5228,2.0088,1.296,2.0736,1.7496,1.62,1.8792,0.7452,1.0692,0.8748,1.1664,1.6524,1.296,1.5228,1.296,1.1988,1.3284,1.1664,0.81,0.81
1.1664,0.7452,0.9396,NaN,NaN,NaN,NaN,NaN,NaN,0.81,NaN,NaN,NaN,NaN,NaN,NaN,NaN,NaN,NaN,NaN,NaN,NaN,NaN,NaN,NaN,NaN,NaN,NaN,0.7452,NaN,1.0044,0.7776,1.0692,NaN,NaN,NaN,0.9072,NaN,NaN,1.1664,NaN,0.7776,NaN,NaN,0.7452,NaN,1.62,0.81,1.458,0.7452
0.81,0.8424,0.9396,NaN,1.0368,NaN,NaN,1.0368,0.7452,1.1016,0.7452,1.1988,NaN,NaN,0.9396,1.7172,0.7776,0.8748,0.972,NaN,NaN,NaN,NaN,NaN,NaN,NaN,1.1664,NaN,NaN,NaN,NaN,NaN,NaN,0.8424,NaN,NaN,NaN,NaN,NaN,NaN,NaN,NaN,1.1664,0.9072,1.1664,0.7776,NaN,0.7452,1.5552,NaN
1.782,1.458,3.1104,1.944,1.0044,0.9072,NaN,0.9396,NaN,0.81,0.9072,0.8424,1.7496,NaN,NaN,0.7452,1.296,NaN,0.81,1.1016,NaN,NaN,1.9764,NaN,NaN,NaN,1.1664,1.2312,1.296,NaN,1.1016,1.0368,0.7776,1.3284,0.9396,1.4256,1.458,1.7172,1.3284,1.9116,1.296,1.134,1.4256,0.7452,0.7452,1.1016,1.3932,1.9116,1.9764,1.0368
1.2636,1.3284,1.3932,1.3608,1.8792,1.3932,1.4256,1.5876,0.7452,1.296,0.81,NaN,1.7496,1.2636,0.7452,1.4904,1.5552,1.5552,1.5228,1.4256,1.8468,1.6524,1.3932,1.5876,0.81,1.8468,1.8792,1.7496,0.9072,0.7776,1.7496,1.5552,1.134,0.7452,1.5552,1.296,0.972,1.8144,1.8144,1.8144,0.7776,1.9764,1.458,1.2312,1.2312,1.7496,1.5552,1.2636,0.9072,NaN
1.2312,0.8424,NaN,1.458,2.754,1.0368,1.9764,0.7452,NaN,0.81,0.9396,0.9072,NaN,NaN,NaN,NaN,NaN,NaN,NaN,NaN,1.3284,NaN,NaN,NaN,NaN,1.296,1.2312,1.2636,2.2356,NaN,NaN,NaN,NaN,0.9072,NaN,1.1016,1.134,NaN,NaN,NaN,NaN,NaN,NaN,NaN,NaN,NaN,NaN,0.8424,NaN,NaN
1.6848,2.8512,1.296,NaN,1.3284,0.9072,0.972,1.1016,1.3932,1.4256,1.62,0.972,1.296,0.8748,1.0692,1.458,0.8748,1.2636,1.3284,1.134,1.2636,1.3608,0.8748,1.1988,1.3284,1.4256,1.0692,1.2312,1.4256,1.3608,1.134,1.4904,1.1016,1.3608,1.6524,0.7776,0.8748,0.7452,NaN,NaN,NaN,NaN,0.972,NaN,0.8424,0.8424,1.134,1.0044,1.1016,NaN
0.9396,0.9072,0.8748,1.1664,NaN,0.8748,0.9396,1.1988,1.4904,1.0692,0.9396,0.81,1.0368,0.9396,0.8748,0.7776,NaN,NaN,NaN,NaN,NaN,0.9072,NaN,NaN,NaN,NaN,1.0368,NaN,NaN,1.0044,NaN,NaN,NaN,NaN,NaN,NaN,1.1016,NaN,NaN,NaN,NaN,NaN,NaN,NaN,NaN,NaN,NaN,NaN,NaN,NaN
1.2636,1.3608,1.1988,1.4904,1.2636,1.2636,0.9072,1.3284,1.0368,1.1664,1.1664,1.1988,1.0044,1.0692,1.1664,1.0044,1.0692,1.134,1.0044,1.0044,0.972,0.972,1.0692,1.0692,0.8424,1.1016,1.1016,1.0692,0.81,0.9396,1.0044,NaN,0.8424,1.134,NaN,NaN,NaN,0.7452,0.7776,NaN,NaN,NaN,NaN,NaN,0.9072,NaN,0.7776,NaN,1.0368,0.7776
2.5596,1.5552,1.3608,NaN,2.7216,4.05,2.6892,1.2312,2.5272,2.3652,2.4624,1.1016,2.8512,2.3004,2.592,1.3608,1.458,0.9396,NaN,1.296,NaN,NaN,NaN,NaN,NaN,NaN,NaN,NaN,NaN,NaN,NaN,NaN,NaN,NaN,NaN,NaN,NaN,NaN,NaN,NaN,NaN,NaN,NaN,NaN,NaN,NaN,NaN,NaN,NaN,NaN
1.8468,1.3932,1.2636,0.8748,1.8144,2.0412,NaN,1.4256,1.296,1.5876,0.8748,NaN,NaN,1.0044,0.7776,0.9072,1.458,2.3652,0.7452,0.9072,0.8748,1.0044,1.0044,1.4256,0.9396,1.1664,1.6524,1.3608,1.2636,NaN,1.1016,1.0368,1.7172,NaN,1.1016,1.134,NaN,NaN,1.7496,NaN,NaN,NaN,NaN,NaN,1.0692,NaN,NaN,1.1016,NaN,1.2312
0.7776,1.458,NaN,0.9072,NaN,1.1988,NaN,0.8748,1.62,1.3932,NaN,NaN,1.3284,0.8424,1.296,1.1016,1.3284,1.5228,1.1664,NaN,NaN,1.1664,NaN,NaN,NaN,NaN,1.2636,1.134,NaN,NaN,NaN,NaN,NaN,NaN,NaN,NaN,NaN,NaN,1.0692,NaN,NaN,0.8748,NaN,NaN,0.7452,NaN,NaN,NaN,NaN,NaN
0.81,0.7776,NaN,1.1016,NaN,NaN,0.7452,1.1016,NaN,1.0044,NaN,NaN,0.7452,1.0368,NaN,0.7452,NaN,NaN,NaN,0.8748,1.1988,NaN,NaN,0.8424,NaN,NaN,0.9072,NaN,0.7452,0.8748,0.8424,NaN,NaN,NaN,NaN,0.8424,NaN,0.81,0.7776,NaN,0.7776,0.9072,0.9072,NaN,0.8424,NaN,NaN,0.81,0.7452,NaN
1.134,0.7452,NaN,1.296,1.3932,0.81,NaN,NaN,NaN,NaN,1.0368,NaN,0.9396,0.9072,NaN,NaN,NaN,NaN,NaN,1.1988,1.0368,0.7452,1.1988,1.1664,0.8748,NaN,1.1988,1.3284,1.458,0.9396,1.3284,0.972,0.8424,NaN,1.3932,0.972,1.3284,1.2312,1.1016,1.1664,1.1988,1.3932,0.8748,1.296,1.2636,2.3652,1.1988,1.1016,1.458,1.1016
0.9396,0.8748,0.81,NaN,NaN,NaN,NaN,1.0044,NaN,NaN,NaN,NaN,NaN,NaN,NaN,NaN,NaN,NaN,NaN,NaN,NaN,NaN,NaN,NaN,NaN,NaN,NaN,NaN,NaN,NaN,NaN,NaN,NaN,NaN,NaN,NaN,NaN,NaN,NaN,NaN,NaN,NaN,NaN,NaN,NaN,NaN,NaN,NaN,NaN,NaN
1.4256,1.458,1.4904,1.0044,1.4904,1.4904,1.4256,1.3932,1.62,1.2312,NaN,1.2312,1.458,0.8748,0.8424,0.81,1.1664,1.3284,1.1664,1.2312,NaN,1.1988,1.2312,1.1664,1.4904,1.2636,1.4256,NaN,NaN,1.3284,1.1016,1.296,NaN,NaN,NaN,NaN,0.7452,1.1988,1.296,NaN,1.1988,1.0368,1.5552,1.296,NaN,NaN,0.7452,1.0692,NaN,NaN
2.0736,2.5272,2.6892,2.1384,2.106,2.2356,2.8512,2.5272,2.7864,2.2032,2.0088,2.3652,2.0088,1.6524,2.4624,0.9396,2.2356,1.2636,2.0736,1.5876,2.106,NaN,2.0736,1.8144,1.7496,1.9116,2.592,2.106,2.0736,2.268,1.8468,1.5552,1.0044,2.2356,NaN,0.7776,NaN,NaN,0.7452,NaN,NaN,NaN,0.8424,NaN,NaN,NaN,NaN,NaN,NaN,NaN
1.6848,1.5228,1.2312,0.9072,0.8424,1.296,NaN,NaN,2.6892,1.8468,2.3004,NaN,2.1384,1.8468,2.2032,NaN,NaN,NaN,NaN,NaN,NaN,NaN,NaN,1.8468,NaN,NaN,NaN,NaN,NaN,NaN,NaN,NaN,1.6848,0.8748,NaN,NaN,1.6848,0.7452,NaN,NaN,NaN,NaN,NaN,NaN,NaN,NaN,1.296,NaN,NaN,NaN
1.1988,0.972,0.9072,1.0044,NaN,NaN,0.7776,0.972,NaN,NaN,0.972,0.7776,0.8748,NaN,0.9396,NaN,0.7776,NaN,NaN,0.7776,NaN,1.0692,1.1664,0.9396,NaN,0.9396,1.0368,NaN,0.9072,0.972,1.1664,1.1664,1.0044,NaN,NaN,0.972,0.7776,1.0692,NaN,NaN,0.8424,1.134,0.9072,1.0044,1.2636,1.0692,NaN,0.9072,0.8748,1.2636
1.2312,1.3284,1.1016,NaN,1.2636,0.972,NaN,NaN,1.9764,1.1664,1.1664,NaN,0.8748,NaN,1.0044,1.2636,2.6568,1.0368,0.81,1.1016,0.9072,1.4256,0.972,0.7776,NaN,0.9396,0.7452,NaN,NaN,NaN,0.81,1.2312,0.7776,1.944,1.2636,0.8748,0.9072,NaN,NaN,1.1016,NaN,0.8424,1.3932,NaN,1.782,1.1016,0.81,NaN,1.3932,NaN
2.0088,1.944,2.1708,1.9764,1.8144,1.296,2.268,1.1988,1.1016,1.8468,1.9116,1.8468,0.81,NaN,NaN,NaN,NaN,0.8424,1.1988,1.0368,1.3608,1.8792,NaN,NaN,1.944,1.9764,2.1384,1.8792,1.8468,1.6848,0.7452,2.106,1.7496,1.5228,1.5552,2.8188,2.2032,0.9396,1.5552,0.7776,NaN,1.1664,1.2312,NaN,1.7496,0.972,2.0412,1.62,0.81,1.782
0.8748,NaN,NaN,NaN,0.9072,1.0044,0.81,1.2312,0.9072,0.9072,0.9072,NaN,NaN,NaN,0.9072,NaN,1.0692,1.2636,1.1664,0.9396,NaN,NaN,NaN,NaN,NaN,0.81,0.8424,NaN,NaN,NaN,0.7776,0.9396,NaN,NaN,NaN,1.6524,1.7172,0.7452,0.8424,NaN,NaN,1.62,NaN,1.0044,NaN,NaN,NaN,NaN,NaN,NaN
1.2312,1.5228,0.9396,1.1988,1.0044,0.8748,1.1016,0.81,0.9072,NaN,1.1988,0.7776,NaN,NaN,1.0368,1.134,NaN,0.9072,1.1016,NaN,1.1988,1.0692,0.9396,1.0692,1.0692,1.0692,1.0368,0.81,1.0044,0.81,0.81,0.8424,1.3608,NaN,NaN,0.9072,0.8748,NaN,0.8424,0.9396,NaN,NaN,NaN,0.81,1.0044,1.458,0.7776,NaN,1.1988,1.1016
1.2636,NaN,NaN,NaN,NaN,0.9072,NaN,NaN,NaN,NaN,0.9072,NaN,NaN,NaN,NaN,NaN,NaN,0.81,NaN,NaN,NaN,0.8424,NaN,NaN,NaN,NaN,NaN,NaN,NaN,NaN,0.7452,1.2636,0.8748,1.9764,1.0692,NaN,NaN,NaN,NaN,NaN,NaN,NaN,NaN,NaN,NaN,NaN,NaN,NaN,NaN,NaN
1.782,0.8748,0.8748,1.1016,0.972,NaN,0.81,NaN,0.7452,NaN,NaN,NaN,1.6524,1.134,0.7776,1.3932,0.9396,1.6524,1.0044,NaN,1.2636,1.1664,NaN,1.6524,1.5228,0.9072,NaN,NaN,NaN,NaN,0.8424,1.296,0.7776,NaN,NaN,1.7172,1.5876,NaN,1.62,1.4904,NaN,1.134,1.5552,1.458,1.3932,1.4904,1.3284,NaN,1.4256,1.6848
1.3284,1.134,NaN,1.1664,1.1016,1.7172,0.972,NaN,0.972,1.134,0.972,NaN,NaN,NaN,1.3608,NaN,NaN,1.134,1.62,0.8748,0.8424,1.1664,0.7452,1.2636,NaN,1.4256,1.9116,1.62,NaN,1.2636,1.62,1.62,1.62,1.5228,0.9072,NaN,1.2312,0.8424,1.0044,1.0044,NaN,NaN,1.1988,0.7776,1.1664,1.1664,0.8424,NaN,0.81,NaN
1.0044,NaN,0.7452,NaN,NaN,1.2636,NaN,NaN,0.7776,NaN,NaN,1.1016,1.134,NaN,NaN,NaN,NaN,NaN,NaN,NaN,1.2312,0.8424,1.0044,NaN,NaN,0.8424,0.8424,NaN,0.8748,NaN,0.9396,0.8748,1.2312,0.972,NaN,1.134,NaN,NaN,1.0368,NaN,NaN,NaN,NaN,NaN,0.7776,NaN,NaN,NaN,0.9396,NaN
1.134,1.296,1.5552,NaN,1.0368,1.296,1.0044,1.1664,0.972,1.7172,1.5228,1.458,1.7496,1.0692,1.1988,1.5228,1.3284,1.5876,1.1664,1.2636,1.1988,1.8468,2.0088,1.782,0.9396,1.6524,1.3608,1.0692,1.7496,1.62,1.8792,1.1664,1.944,1.4904,1.6848,1.7172,1.5876,1.2312,1.3284,1.296,1.5552,1.5552,1.9116,0.9072,1.2636,1.0044,1.4904,1.3932,1.3932,1.2312
1.5228,1.9764,2.106,2.2356,1.8792,1.4904,2.106,1.1664,2.1384,0.8748,0.8424,1.0044,1.944,1.6848,1.134,0.8424,0.9396,0.7452,0.81,NaN,0.9072,0.7776,1.296,1.0044,NaN,NaN,2.9484,0.7776,0.8424,1.8144,1.3608,0.81,0.9396,0.9396,0.8424,NaN,NaN,NaN,1.1016,NaN,NaN,NaN,1.8144,NaN,NaN,NaN,NaN,NaN,NaN,NaN
1.62,NaN,0.8748,2.3004,1.8144,1.5876,2.268,2.2032,1.9764,1.3932,0.972,NaN,NaN,NaN,NaN,NaN,NaN,NaN,0.9396,NaN,NaN,NaN,NaN,0.7776,NaN,NaN,NaN,0.7452,NaN,NaN,NaN,NaN,NaN,NaN,0.8424,NaN,NaN,NaN,0.7776,0.9072,NaN,NaN,0.7452,NaN,NaN,NaN,NaN,NaN,NaN,NaN
2.5596,2.2032,2.916,2.4624,2.106,2.8512,2.3652,1.8468,1.8792,1.3608,1.296,1.5876,2.0088,2.106,2.1708,2.0736,1.5876,1.944,1.1988,1.5228,1.7172,2.2356,2.0412,1.458,1.9764,2.0736,2.2032,2.1708,2.1384,1.6848,2.5272,2.1708,2.6244,1.6848,1.3932,1.944,2.2032,1.8468,1.8792,1.944,1.3608,1.1988,1.5876,1.8144,1.6524,2.3652,1.458,1.8792,2.4948,1.0368
0.7452,0.7776,0.7452,0.9396,0.81,NaN,1.5876,NaN,NaN,2.5596,2.4948,NaN,NaN,0.7452,0.81,1.458,NaN,1.134,NaN,NaN,NaN,0.8748,NaN,NaN,0.7776,NaN,0.9396,0.8748,NaN,0.972,NaN,NaN,NaN,NaN,NaN,NaN,1.458,NaN,NaN,NaN,NaN,NaN,NaN,NaN,1.0044,0.81,0.8748,1.3608,0.7452,1.5228
1.296,0.9072,0.9396,0.9072,1.2636,1.7496,1.134,1.62,1.7172,1.8468,1.8144,1.7496,1.8144,1.5876,1.5552,1.296,1.5876,1.3284,1.296,1.458,1.0692,1.1988,1.458,1.3284,1.62,1.3608,1.1016,1.3608,1.296,1.458,1.6524,1.3608,1.4904,1.458,1.5552,1.5228,1.458,1.3932,1.6524,1.1016,1.5552,1.3932,1.4256,1.134,1.3284,1.2636,1.62,1.1016,1.2636,1.5228
1.6524,1.134,1.3608,1.296,1.4256,1.5228,1.3932,1.9116,1.5876,1.0692,1.2312,1.296,1.1988,1.4256,0.7452,1.3932,1.2636,1.5228,1.134,1.1664,1.3932,1.5552,1.7172,1.5228,1.1664,1.6524,1.458,1.62,1.3608,1.5552,1.782,1.62,1.3932,1.4256,1.0368,1.458,1.7172,1.4256,1.62,1.4904,0.972,1.62,1.8144,0.9072,1.3608,1.5876,1.62,1.4256,NaN,1.2312
1.2312,2.754,1.944,1.3932,NaN,1.0368,1.1664,2.5596,1.0044,1.1664,0.7452,1.0044,NaN,0.972,1.3932,1.6848,1.0044,1.5876,1.1664,1.62,1.0692,1.1988,1.2636,0.81,1.134,1.1664,0.8748,NaN,NaN,NaN,NaN,1.5552,0.972,NaN,NaN,1.1988,1.3284,1.0044,NaN,NaN,NaN,1.0692,NaN,0.7452,NaN,0.9072,NaN,0.9396,NaN,NaN
1.134,NaN,NaN,1.2312,0.7776,NaN,NaN,NaN,0.7452,NaN,NaN,NaN,NaN,NaN,NaN,NaN,NaN,NaN,NaN,NaN,NaN,NaN,1.4256,0.7452,0.81,NaN,1.1988,NaN,NaN,NaN,NaN,NaN,1.1016,1.1988,0.81,NaN,NaN,NaN,NaN,NaN,NaN,NaN,NaN,NaN,NaN,NaN,NaN,NaN,NaN,NaN
1.6524,NaN,0.9396,1.3608,1.0692,NaN,NaN,0.8424,1.8792,0.9396,0.8748,NaN,NaN,NaN,0.972,0.9396,NaN,0.81,NaN,1.0692,NaN,2.1708,1.4904,NaN,0.7452,0.7452,NaN,NaN,NaN,1.2636,1.6848,1.7496,NaN,1.7172,1.3608,1.5552,0.9072,0.7776,NaN,1.0692,0.81,1.0692,1.1988,NaN,0.7776,1.0368,1.134,NaN,0.7452,NaN
0.8424,1.0368,1.0044,NaN,NaN,NaN,NaN,0.8424,NaN,NaN,NaN,1.3284,NaN,NaN,0.972,0.8424,0.7452,0.8748,0.7452,NaN,NaN,1.1664,NaN,0.8748,NaN,1.2312,1.1664,NaN,0.9072,0.9072,1.3932,1.3932,1.0692,0.7452,0.7452,NaN,1.1016,NaN,NaN,0.81,NaN,NaN,NaN,NaN,NaN,0.7452,NaN,NaN,0.8424,NaN
0.81,0.7776,1.134,1.0044,1.1664,1.458,1.2312,1.782,2.0088,1.7496,2.2032,1.5876,1.7172,1.5552,1.5552,1.9764,1.5552,1.6848,NaN,NaN,0.9396,NaN,1.6524,1.134,1.2312,1.3608,1.0692,1.458,1.1664,0.9072,1.4256,1.2312,1.0044,1.0692,NaN,1.0692,NaN,NaN,1.1664,1.5552,0.7452,NaN,NaN,NaN,NaN,NaN,NaN,1.0044,1.3932,NaN
0.9072,NaN,1.1016,NaN,0.9396,1.1988,1.2636,1.1016,1.1988,1.0368,1.0692,1.134,NaN,1.0368,1.0692,0.9396,1.0368,1.0368,1.0692,0.9396,1.0044,0.8748,1.1016,1.2312,0.8424,0.9072,0.9072,0.8424,1.0368,0.972,NaN,0.972,1.2312,1.134,NaN,1.1016,NaN,0.972,1.1016,NaN,1.296,1.5228,1.1664,0.9072,NaN,1.2312,NaN,0.972,NaN,NaN
3.3696,2.8512,3.1428,4.2444,4.7304,3.24,1.7172,1.2312,2.9808,3.2076,2.4948,2.9484,3.2724,1.9764,2.3652,2.3652,2.4624,NaN,2.592,2.592,2.3976,2.6568,NaN,2.4624,NaN,2.4948,2.5596,1.134,2.7216,2.0736,2.3652,2.0088,NaN,1.458,NaN,2.0412,2.3328,NaN,NaN,3.6936,2.0412,NaN,2.106,NaN,NaN,2.1384,4.0176,2.2032,NaN,NaN
1.0044,NaN,0.81,1.0044,NaN,0.8424,0.9396,NaN,NaN,NaN,0.8424,NaN,0.81,NaN,NaN,1.0692,0.8748,0.7776,NaN,1.0044,0.9396,1.0368,0.8424,2.0736,0.8424,NaN,1.1664,0.81,1.134,2.0412,0.81,1.1988,NaN,NaN,NaN,0.8748,NaN,0.81,0.7776,NaN,NaN,0.8424,0.7452,NaN,1.2636,1.1988,0.7776,0.9396,NaN,NaN
2.268,2.3976,1.8792,2.3004,2.0088,2.2032,1.944,1.6848,1.0368,0.7776,1.1988,1.3608,NaN,1.3608,NaN,NaN,1.2636,NaN,3.5316,2.8188,1.5552,3.2076,1.5552,1.9116,1.782,2.1384,1.5876,2.106,1.62,2.2032,1.458,1.62,0.81,2.43,NaN,1.1664,NaN,NaN,1.0692,1.6848,NaN,NaN,NaN,NaN,0.7776,NaN,0.8748,NaN,1.0692,0.81
1.296,2.6244,2.3652,1.3608,1.1016,1.134,NaN,1.3932,2.3328,NaN,NaN,0.81,NaN,NaN,0.7452,1.3284,1.5228,4.0176,0.9072,1.2312,1.0044,2.0088,0.8424,0.8748,1.5552,2.0088,0.972,2.1384,1.9116,1.4904,1.1988,1.458,1.7496,NaN,1.5552,NaN,1.8144,1.9764,2.8188,NaN,1.1664,NaN,2.916,NaN,2.4624,2.1384,1.4904,NaN,NaN,1.782
2.4624,1.2312,0.7452,0.7776,0.8748,1.4904,0.8424,2.106,2.1384,2.4624,0.8424,0.8748,1.7172,NaN,NaN,0.81,2.3004,1.944,1.944,NaN,0.7776,0.8748,NaN,1.0692,1.0368,1.8468,2.1384,0.81,1.1664,0.8748,0.8424,2.1384,2.3652,2.2032,NaN,NaN,0.9396,0.8748,NaN,NaN,0.972,1.296,NaN,NaN,1.0692,1.5876,1.9116,NaN,NaN,1.3284
2.268,1.8792,1.7172,2.0412,2.592,2.6244,1.458,1.9764,1.8468,2.2356,2.268,2.3328,2.3976,2.1384,2.4948,2.754,2.3652,2.2356,1.944,1.9764,2.43,1.9764,2.43,2.0088,2.0088,1.944,2.1708,1.296,2.0412,1.3932,2.268,2.106,1.944,1.7496,0.7452,1.458,1.8468,2.0088,2.0412,2.43,1.6524,1.7172,1.0692,NaN,1.6524,1.6524,1.3284,1.1664,NaN,1.8792
0.81,1.0368,0.972,0.8424,0.8424,1.0044,0.9396,1.0692,1.134,2.1384,1.0692,1.134,0.81,1.62,1.1016,1.0368,0.8748,1.0692,0.9396,1.2312,1.0692,1.3284,0.972,1.0368,1.4256,0.81,0.9072,0.7776,0.8424,0.8424,0.8748,0.8424,NaN,0.972,1.0368,1.0368,0.9396,0.9396,1.0692,1.1016,NaN,1.1988,1.2312,0.8748,0.9072,NaN,0.7776,NaN,0.81,0.9396
0.8424,0.9396,NaN,2.0736,0.8748,0.9072,0.7776,0.8748,1.7496,1.1016,NaN,NaN,0.7776,0.9396,NaN,0.8424,0.81,NaN,NaN,0.7776,0.972,NaN,NaN,NaN,1.1988,NaN,1.0044,NaN,1.1988,NaN,NaN,NaN,NaN,0.7776,1.134,NaN,NaN,1.1016,0.972,NaN,NaN,0.9396,1.1988,NaN,NaN,NaN,0.7452,NaN,NaN,NaN
1.9764,1.8468,1.8468,1.7172,2.1708,2.0736,1.458,1.944,1.4256,1.8468,1.5876,1.6524,2.106,1.7496,1.8468,1.62,1.62,1.6524,1.296,1.6848,1.0692,2.2356,2.2356,1.3284,1.0044,1.3608,1.4256,NaN,1.4904,1.944,1.3932,1.6848,1.2312,1.7496,0.972,1.5552,1.8144,1.5552,1.1988,1.5876,1.3284,2.0736,1.4904,0.972,1.2312,2.2356,1.0368,1.134,1.782,1.1988
1.0044,1.5552,0.8424,1.4904,1.0368,1.3284,2.1708,0.8424,1.5876,NaN,1.2636,0.9072,1.0044,1.3284,1.0692,1.0044,NaN,1.134,NaN,0.972,1.0044,1.1664,1.7172,1.296,0.81,1.2312,1.1988,NaN,0.81,NaN,1.2312,1.3284,1.2312,1.3284,1.296,NaN,0.972,1.3932,0.81,NaN,NaN,0.972,0.9396,1.1988,NaN,1.1016,NaN,NaN,0.9072,NaN
0.7776,1.6524,0.81,NaN,NaN,0.7452,0.7776,1.0692,0.7776,NaN,1.0044,1.1016,NaN,0.8748,0.8424,0.7776,0.8424,NaN,NaN,0.7452,1.134,NaN,1.5552,NaN,NaN,NaN,NaN,1.1016,0.7452,1.4904,NaN,NaN,0.81,NaN,NaN,0.8748,NaN,NaN,0.81,NaN,1.1016,NaN,NaN,NaN,NaN,0.7776,NaN,NaN,NaN,NaN
1.0044,1.0044,1.296,1.1016,1.7496,2.2032,2.106,1.3608,1.1664,1.458,1.134,1.2312,1.1664,NaN,0.81,1.2636,0.9396,1.8144,1.4256,0.81,0.81,1.8792,0.9072,1.0692,NaN,1.5552,1.4256,1.3932,1.458,1.1988,2.6892,1.8468,1.2312,1.3608,1.1664,0.8424,1.1016,0.9396,1.6848,2.1708,0.972,0.9072,1.2636,0.9072,1.2636,1.0692,NaN,1.1664,0.81,1.3608
NaN,1.0692,NaN,1.3284,1.4904,1.2636,NaN,NaN,NaN,1.0368,1.0044,NaN,1.0044,1.0368,0.81,0.8424,NaN,NaN,1.0692,NaN,0.81,NaN,NaN,0.8424,NaN,NaN,NaN,NaN,NaN,NaN,0.8424,NaN,0.81,0.9072,NaN,0.81,NaN,1.0368,1.0044,1.0044,0.7776,NaN,0.8748,NaN,1.1016,NaN,NaN,0.7776,NaN,NaN
NaN,1.2636,1.134,1.5552,1.296,NaN,1.0044,NaN,1.5876,1.1988,1.6848,1.2312,1.8144,1.0692,1.62,1.134,1.4904,1.3284,1.1988,1.6524,1.5228,0.9072,0.972,1.5876,0.9396,1.4904,1.134,0.8424,NaN,1.2312,0.9396,1.1016,NaN,NaN,NaN,1.4256,NaN,1.134,NaN,1.2312,1.134,NaN,NaN,0.81,1.4256,NaN,1.2312,1.2312,0.9396,0.972
NaN,0.8748,1.3932,1.8792,NaN,1.2312,1.1664,1.3932,1.8144,1.134,NaN,0.9072,NaN,0.7452,1.1988,1.1016,NaN,NaN,NaN,0.8748,1.0368,NaN,NaN,NaN,0.7452,NaN,0.8748,NaN,NaN,NaN,NaN,NaN,NaN,NaN,NaN,NaN,NaN,NaN,NaN,NaN,NaN,NaN,NaN,NaN,NaN,NaN,NaN,NaN,NaN,NaN
NaN,0.7776,0.7452,1.0044,0.972,NaN,NaN,NaN,1.62,NaN,NaN,0.8748,NaN,NaN,NaN,NaN,NaN,NaN,NaN,NaN,NaN,NaN,NaN,NaN,NaN,NaN,NaN,NaN,NaN,NaN,NaN,NaN,NaN,NaN,NaN,NaN,NaN,NaN,NaN,NaN,NaN,NaN,NaN,NaN,NaN,NaN,NaN,NaN,NaN,NaN
NaN,1.134,1.2636,NaN,1.944,1.9764,1.8792,1.8468,NaN,NaN,NaN,1.1016,NaN,NaN,NaN,2.754,1.5228,2.5272,NaN,2.5272,NaN,NaN,1.3608,NaN,NaN,NaN,2.8836,NaN,NaN,NaN,NaN,NaN,NaN,NaN,NaN,NaN,NaN,NaN,NaN,NaN,NaN,NaN,NaN,NaN,NaN,NaN,NaN,NaN,NaN,NaN
NaN,1.3932,0.7776,NaN,NaN,NaN,NaN,NaN,NaN,NaN,NaN,NaN,NaN,NaN,NaN,NaN,NaN,NaN,NaN,NaN,NaN,NaN,NaN,NaN,NaN,NaN,NaN,NaN,NaN,NaN,NaN,NaN,NaN,NaN,NaN,NaN,NaN,NaN,NaN,NaN,NaN,NaN,NaN,NaN,NaN,NaN,NaN,NaN,NaN,NaN
NaN,8.0676,NaN,2.1708,NaN,2.1708,NaN,1.782,NaN,NaN,NaN,NaN,2.0736,2.0412,NaN,NaN,1.782,1.9116,NaN,1.1988,NaN,0.7452,NaN,NaN,1.1988,NaN,NaN,NaN,NaN,NaN,NaN,NaN,NaN,NaN,NaN,NaN,NaN,NaN,NaN,NaN,NaN,NaN,NaN,NaN,NaN,NaN,NaN,NaN,NaN,NaN
NaN,1.6848,2.2032,1.296,1.944,2.0412,NaN,2.1384,NaN,1.8144,NaN,2.2356,2.268,1.7496,3.0132,NaN,1.3284,NaN,NaN,NaN,NaN,NaN,1.2312,1.1988,NaN,1.4256,NaN,1.944,2.3328,1.1988,NaN,NaN,NaN,NaN,NaN,2.0736,NaN,2.2032,2.0088,1.0692,NaN,NaN,1.0044,1.5228,2.43,1.9764,1.62,0.81,1.0692,1.5552
NaN,0.8424,1.296,1.3932,1.2636,NaN,1.0044,1.6524,1.0692,1.7172,0.9072,NaN,0.7452,1.2636,1.3284,1.5552,1.5228,0.9396,0.8424,0.7452,1.0368,0.8748,NaN,1.134,1.1016,0.81,1.1016,1.1664,NaN,NaN,NaN,NaN,1.2636,NaN,NaN,1.5552,NaN,NaN,NaN,NaN,NaN,0.81,NaN,NaN,0.9072,NaN,NaN,0.81,NaN,NaN
NaN,1.1988,NaN,NaN,NaN,NaN,NaN,1.2312,NaN,0.8424,1.0368,0.7776,0.8748,0.81,0.7452,0.7776,NaN,NaN,NaN,NaN,0.81,NaN,NaN,NaN,NaN,0.7452,0.7776,NaN,NaN,0.8748,0.81,NaN,NaN,NaN,NaN,NaN,NaN,NaN,NaN,NaN,NaN,NaN,NaN,NaN,NaN,NaN,0.7776,0.8424,NaN,NaN
NaN,3.1428,5.7348,NaN,6.4476,6.318,5.4432,3.3696,4.4712,2.7216,4.9896,4.2768,3.6612,1.8144,NaN,2.2356,2.592,0.972,0.9396,1.134,NaN,NaN,NaN,NaN,NaN,NaN,NaN,NaN,NaN,NaN,NaN,NaN,NaN,NaN,NaN,NaN,NaN,NaN,NaN,NaN,NaN,NaN,NaN,NaN,NaN,NaN,NaN,NaN,NaN,NaN
NaN,2.106,1.8792,3.6612,1.6848,2.2356,1.5552,1.4256,1.458,1.4256,0.7452,0.7452,1.62,0.7452,0.81,0.9072,1.0368,0.7452,1.3608,NaN,0.7452,1.6524,1.4256,1.7496,1.2312,2.0088,1.782,1.4256,1.458,NaN,2.0736,1.7172,1.0368,NaN,0.8748,1.1664,1.0692,1.3284,1.0368,NaN,NaN,0.9396,0.9396,NaN,NaN,1.3932,1.134,0.8748,1.8792,0.7776
NaN,1.1016,0.7776,NaN,NaN,1.3608,0.8424,NaN,NaN,1.0368,NaN,NaN,0.7452,NaN,NaN,NaN,NaN,NaN,NaN,NaN,NaN,NaN,NaN,NaN,NaN,NaN,NaN,NaN,1.3932,NaN,0.972,1.134,1.3608,NaN,NaN,NaN,NaN,NaN,NaN,NaN,NaN,NaN,NaN,NaN,0.7776,NaN,NaN,NaN,NaN,NaN
NaN,1.1016,NaN,0.8424,NaN,0.7452,0.8424,NaN,0.7776,NaN,NaN,0.7452,NaN,NaN,1.2312,1.1016,NaN,NaN,1.1016,NaN,NaN,NaN,NaN,NaN,NaN,NaN,0.9396,NaN,NaN,NaN,NaN,NaN,NaN,NaN,NaN,NaN,1.1016,NaN,0.8748,NaN,NaN,NaN,NaN,0.8748,NaN,0.8424,NaN,NaN,1.4904,NaN
NaN,NaN,1.134,1.4904,NaN,NaN,NaN,1.4904,NaN,NaN,NaN,1.296,NaN,NaN,NaN,NaN,NaN,NaN,NaN,NaN,NaN,NaN,NaN,NaN,NaN,NaN,NaN,NaN,NaN,NaN,NaN,NaN,NaN,NaN,NaN,NaN,NaN,NaN,NaN,NaN,NaN,NaN,NaN,NaN,NaN,NaN,NaN,NaN,NaN,NaN
NaN,NaN,2.0088,1.5228,1.9764,2.8836,1.8468,2.9484,2.4948,3.7584,NaN,1.3932,NaN,1.2636,NaN,NaN,1.134,1.3932,NaN,NaN,0.9396,2.0088,NaN,2.2032,1.0044,NaN,NaN,NaN,NaN,NaN,NaN,2.1384,NaN,NaN,NaN,1.7496,NaN,NaN,NaN,NaN,NaN,NaN,NaN,1.6848,NaN,1.2312,NaN,NaN,NaN,NaN
NaN,NaN,0.9396,NaN,1.4256,1.7496,NaN,1.296,1.0044,NaN,NaN,1.1988,0.972,NaN,NaN,NaN,NaN,NaN,NaN,1.4256,NaN,NaN,NaN,NaN,0.972,NaN,NaN,NaN,1.2636,NaN,0.8748,NaN,0.8748,NaN,0.7452,1.0692,1.1016,NaN,1.2636,NaN,1.0368,0.7776,1.9116,0.7452,1.3932,NaN,1.5228,1.1988,1.5552,NaN
NaN,NaN,0.8424,0.7452,NaN,NaN,NaN,NaN,NaN,NaN,NaN,NaN,NaN,NaN,NaN,NaN,1.1664,NaN,NaN,NaN,NaN,NaN,NaN,NaN,NaN,NaN,NaN,NaN,NaN,NaN,NaN,NaN,NaN,NaN,1.1016,NaN,NaN,NaN,NaN,0.972,NaN,NaN,1.1016,NaN,NaN,NaN,NaN,NaN,NaN,1.0692
NaN,NaN,1.3284,0.972,1.1016,0.7776,1.4256,1.3284,1.1988,1.2312,NaN,0.972,NaN,NaN,NaN,1.2636,1.0368,1.1664,1.0044,1.1988,1.0368,0.8748,1.296,NaN,1.8792,1.7172,1.3932,1.2636,1.458,1.2312,1.4256,1.3284,1.134,NaN,NaN,NaN,1.2636,1.3932,NaN,NaN,1.1664,1.1988,1.9116,3.1428,1.4904,1.5552,1.296,NaN,NaN,1.458
NaN,NaN,4.86,NaN,NaN,NaN,5.6052,NaN,NaN,NaN,4.4064,4.4712,NaN,NaN,4.4388,NaN,NaN,NaN,4.7628,NaN,4.2768,2.592,3.9528,4.86,NaN,NaN,NaN,NaN,5.0544,NaN,3.9204,NaN,NaN,NaN,NaN,NaN,NaN,NaN,3.6288,NaN,NaN,NaN,NaN,NaN,4.7952,4.0824,NaN,NaN,4.6332,NaN
NaN,NaN,2.6244,0.9072,1.8792,1.6524,0.7452,NaN,1.3284,1.5552,1.5552,NaN,NaN,NaN,NaN,1.1988,NaN,NaN,NaN,NaN,NaN,NaN,1.7172,NaN,NaN,0.7776,1.5552,NaN,1.1664,1.1016,1.5552,1.9764,NaN,1.1664,1.1016,NaN,0.9072,1.458,1.0692,0.9072,1.782,NaN,1.5876,NaN,NaN,NaN,NaN,NaN,NaN,NaN
NaN,NaN,2.43,7.0308,NaN,6.0588,NaN,5.4432,7.4196,NaN,1.1664,1.3608,NaN,0.972,1.4904,NaN,NaN,1.1664,NaN,0.81,1.0692,1.458,NaN,NaN,1.1016,1.1988,NaN,0.972,NaN,NaN,NaN,NaN,NaN,NaN,1.4256,NaN,1.5552,0.9396,1.134,NaN,1.1016,NaN,1.0368,0.9396,NaN,NaN,NaN,NaN,NaN,NaN
NaN,NaN,0.7776,1.458,NaN,0.8748,0.9396,NaN,NaN,1.134,NaN,NaN,NaN,NaN,NaN,NaN,0.7452,NaN,1.0692,1.62,1.5876,1.6524,2.2032,1.782,2.1384,2.2032,2.2032,1.8468,2.268,2.106,2.1708,1.8144,1.3608,0.8748,NaN,1.2312,1.134,NaN,1.6524,1.9764,1.4256,1.6524,1.4256,1.1664,1.782,1.7496,1.8792,0.972,1.7172,1.1988
NaN,NaN,4.1472,NaN,NaN,0.7776,NaN,NaN,1.1664,2.0088,NaN,NaN,NaN,NaN,0.9072,1.1664,0.8424,NaN,NaN,NaN,NaN,NaN,NaN,NaN,NaN,3.3048,NaN,NaN,1.7172,2.2032,0.7776,NaN,NaN,NaN,NaN,NaN,NaN,NaN,NaN,NaN,NaN,NaN,NaN,NaN,NaN,NaN,NaN,NaN,NaN,NaN
NaN,NaN,0.7452,0.8424,0.81,NaN,1.0044,0.7452,0.8424,NaN,0.9072,NaN,NaN,NaN,NaN,0.7452,NaN,NaN,NaN,NaN,NaN,NaN,NaN,NaN,NaN,NaN,NaN,NaN,NaN,NaN,NaN,NaN,NaN,0.8424,NaN,NaN,NaN,0.81,0.8424,0.9396,NaN,NaN,NaN,NaN,NaN,NaN,NaN,NaN,NaN,NaN
NaN,NaN,1.0692,NaN,NaN,NaN,NaN,1.8468,0.8748,0.9072,NaN,NaN,NaN,NaN,NaN,NaN,NaN,NaN,NaN,NaN,NaN,NaN,0.8748,NaN,NaN,NaN,NaN,NaN,NaN,NaN,NaN,NaN,NaN,NaN,NaN,NaN,NaN,NaN,NaN,NaN,NaN,NaN,NaN,NaN,NaN,NaN,NaN,NaN,NaN,NaN
NaN,NaN,1.0044,NaN,NaN,NaN,NaN,NaN,1.0044,NaN,NaN,NaN,NaN,NaN,NaN,NaN,0.81,NaN,NaN,1.1016,1.1988,1.6848,1.1988,0.7776,1.1016,1.6524,2.268,NaN,NaN,NaN,NaN,NaN,NaN,NaN,NaN,NaN,2.0412,2.106,1.8792,2.0736,2.1708,2.268,NaN,1.458,1.1016,NaN,NaN,NaN,NaN,NaN
NaN,NaN,0.81,0.9396,0.972,0.9072,NaN,0.972,1.0692,0.7452,0.8424,0.9072,NaN,NaN,0.9072,NaN,0.9072,0.8748,NaN,0.7452,1.0044,NaN,NaN,NaN,NaN,1.1016,0.7776,NaN,0.8424,NaN,0.972,1.134,0.8748,0.7452,1.0368,NaN,0.8424,0.8748,0.7776,0.7776,NaN,NaN,NaN,0.8424,0.7776,0.9072,NaN,0.81,NaN,0.7776
NaN,NaN,0.8424,NaN,0.9072,NaN,0.9072,1.2312,0.8748,1.1664,1.1988,1.1988,1.296,1.3608,1.4904,1.7172,NaN,1.5552,1.1016,1.2312,1.4904,1.62,1.0368,1.1016,1.5876,1.6848,1.782,1.458,1.3284,1.134,1.8144,2.5272,0.9072,NaN,1.4904,NaN,1.0368,0.972,1.2312,0.972,NaN,0.9072,NaN,1.1016,0.972,1.1016,1.1016,0.972,1.2312,0.972
NaN,NaN,1.2636,NaN,NaN,NaN,NaN,NaN,0.8748,0.7776,NaN,NaN,NaN,NaN,NaN,NaN,0.8748,0.7452,NaN,NaN,0.7776,1.0368,NaN,NaN,NaN,NaN,NaN,0.972,NaN,0.81,NaN,NaN,NaN,NaN,NaN,0.8424,NaN,NaN,1.0368,0.7452,NaN,NaN,NaN,NaN,NaN,NaN,NaN,NaN,NaN,0.81
NaN,NaN,NaN,1.134,NaN,NaN,0.81,NaN,NaN,NaN,NaN,1.0368,NaN,NaN,1.944,NaN,NaN,NaN,1.0044,NaN,NaN,NaN,NaN,NaN,NaN,NaN,1.3284,NaN,NaN,NaN,NaN,NaN,NaN,NaN,NaN,NaN,NaN,NaN,NaN,1.4904,NaN,NaN,NaN,NaN,NaN,NaN,NaN,NaN,NaN,NaN
NaN,NaN,NaN,9.72,NaN,NaN,NaN,NaN,NaN,NaN,NaN,NaN,1.9116,NaN,0.7452,NaN,NaN,NaN,1.1016,NaN,NaN,NaN,1.0044,NaN,NaN,NaN,NaN,1.5876,NaN,NaN,1.5876,NaN,NaN,NaN,NaN,NaN,NaN,1.5552,2.268,NaN,NaN,NaN,NaN,NaN,NaN,NaN,NaN,NaN,NaN,NaN
NaN,NaN,NaN,3.1104,2.9484,1.1664,2.1384,NaN,NaN,NaN,2.754,1.5228,2.2032,2.8512,NaN,NaN,2.5596,4.1148,2.0412,0.7452,NaN,NaN,NaN,NaN,NaN,NaN,NaN,NaN,NaN,NaN,NaN,NaN,NaN,NaN,NaN,NaN,NaN,NaN,1.0692,NaN,NaN,NaN,NaN,NaN,NaN,1.2636,NaN,NaN,1.1988,NaN
NaN,NaN,NaN,4.1148,NaN,3.2076,NaN,4.7628,NaN,NaN,NaN,NaN,2.6568,2.6892,NaN,NaN,3.6288,NaN,NaN,3.2724,NaN,NaN,NaN,NaN,NaN,NaN,NaN,NaN,NaN,NaN,NaN,NaN,2.6244,NaN,2.3976,NaN,2.592,NaN,NaN,NaN,NaN,NaN,2.9808,NaN,NaN,NaN,NaN,NaN,NaN,0.8748
NaN,NaN,NaN,0.972,NaN,NaN,1.296,NaN,NaN,1.2636,NaN,NaN,NaN,NaN,NaN,NaN,NaN,NaN,NaN,1.8468,NaN,1.0044,NaN,NaN,NaN,1.3608,NaN,1.782,NaN,1.134,1.4904,0.9072,1.0044,NaN,NaN,0.9396,1.0044,0.7776,NaN,0.81,NaN,1.0044,NaN,NaN,NaN,1.0692,NaN,1.5228,1.0368,NaN
NaN,NaN,NaN,0.9072,NaN,NaN,NaN,NaN,1.7496,NaN,NaN,NaN,NaN,0.7776,NaN,2.0412,NaN,NaN,1.6524,0.7776,NaN,NaN,NaN,1.0368,1.0368,NaN,0.9396,2.268,0.7452,1.5228,NaN,NaN,NaN,NaN,1.458,NaN,NaN,NaN,NaN,NaN,1.1016,NaN,NaN,NaN,NaN,NaN,NaN,NaN,NaN,NaN
NaN,NaN,NaN,7.5816,NaN,NaN,NaN,NaN,NaN,NaN,NaN,NaN,NaN,NaN,NaN,NaN,NaN,NaN,NaN,NaN,2.754,NaN,NaN,NaN,1.458,1.1988,NaN,NaN,0.81,NaN,NaN,NaN,NaN,NaN,NaN,NaN,NaN,NaN,NaN,NaN,NaN,NaN,NaN,NaN,NaN,NaN,NaN,NaN,NaN,NaN
NaN,NaN,NaN,1.3608,NaN,NaN,NaN,NaN,NaN,NaN,2.1708,NaN,NaN,NaN,1.1988,NaN,NaN,NaN,NaN,NaN,1.1664,NaN,NaN,1.6848,NaN,NaN,NaN,NaN,NaN,NaN,NaN,NaN,0.9072,NaN,NaN,NaN,NaN,1.3932,NaN,NaN,NaN,NaN,NaN,1.7496,NaN,1.7172,NaN,NaN,NaN,NaN
NaN,NaN,NaN,0.8424,NaN,NaN,NaN,NaN,0.7776,NaN,NaN,NaN,NaN,NaN,NaN,NaN,NaN,NaN,0.8748,NaN,0.7452,NaN,NaN,NaN,NaN,NaN,NaN,NaN,NaN,NaN,NaN,NaN,NaN,NaN,NaN,NaN,NaN,NaN,NaN,NaN,NaN,NaN,NaN,NaN,NaN,NaN,NaN,NaN,NaN,NaN
NaN,NaN,NaN,1.3608,NaN,NaN,NaN,NaN,1.1988,NaN,NaN,1.134,NaN,1.2636,1.5552,1.4256,1.3284,1.0044,0.8424,1.1016,1.1664,NaN,1.1016,1.3932,1.3284,NaN,1.7172,1.0368,NaN,1.2312,1.2636,1.458,1.3284,1.3284,NaN,1.5228,NaN,1.296,1.1664,1.2636,0.7452,NaN,NaN,0.9072,NaN,0.81,NaN,NaN,NaN,0.9396
NaN,NaN,NaN,1.3284,NaN,NaN,NaN,1.134,0.8748,NaN,1.3932,NaN,NaN,NaN,NaN,NaN,NaN,NaN,NaN,NaN,NaN,NaN,NaN,NaN,NaN,0.8424,NaN,NaN,NaN,NaN,NaN,NaN,NaN,NaN,NaN,NaN,NaN,NaN,NaN,NaN,NaN,NaN,NaN,NaN,NaN,NaN,NaN,NaN,NaN,NaN
NaN,NaN,NaN,0.9072,NaN,NaN,NaN,1.1016,NaN,0.7452,1.0368,NaN,NaN,NaN,1.3284,NaN,0.9072,1.1016,NaN,0.9072,NaN,NaN,NaN,NaN,0.9396,NaN,0.7776,NaN,NaN,NaN,NaN,NaN,NaN,NaN,NaN,NaN,NaN,0.7452,NaN,NaN,NaN,NaN,NaN,NaN,NaN,NaN,NaN,NaN,NaN,NaN
NaN,NaN,NaN,NaN,2.3004,2.1384,2.268,3.1104,NaN,2.3004,NaN,NaN,2.1384,NaN,1.782,1.5876,NaN,NaN,NaN,1.3932,NaN,NaN,1.1988,NaN,NaN,NaN,0.9072,NaN,NaN,NaN,NaN,NaN,NaN,NaN,NaN,NaN,NaN,NaN,NaN,NaN,NaN,NaN,NaN,NaN,NaN,NaN,NaN,NaN,NaN,NaN
NaN,NaN,NaN,NaN,10.854,NaN,NaN,9.6876,11.502,NaN,NaN,10.5948,10.6596,NaN,NaN,NaN,NaN,NaN,9.5904,NaN,10.1088,10.1412,NaN,NaN,NaN,NaN,10.2708,NaN,NaN,NaN,NaN,NaN,NaN,10.4976,10.1412,NaN,NaN,9.7524,NaN,NaN,NaN,NaN,NaN,9.072,NaN,NaN,NaN,NaN,9.2664,NaN
NaN,NaN,NaN,NaN,12.5064,NaN,NaN,NaN,10.6596,9.2988,NaN,NaN,NaN,NaN,NaN,7.7112,NaN,NaN,NaN,NaN,NaN,NaN,NaN,NaN,NaN,NaN,NaN,7.0956,NaN,NaN,NaN,7.7436,NaN,NaN,NaN,NaN,2.1384,NaN,NaN,NaN,NaN,NaN,NaN,NaN,NaN,NaN,1.0692,NaN,NaN,0.81
NaN,NaN,NaN,NaN,5.508,NaN,NaN,NaN,NaN,NaN,NaN,NaN,NaN,NaN,NaN,NaN,NaN,NaN,NaN,NaN,NaN,NaN,5.346,NaN,NaN,NaN,NaN,NaN,NaN,NaN,NaN,NaN,NaN,NaN,NaN,NaN,NaN,NaN,NaN,4.8924,NaN,NaN,5.1192,NaN,NaN,NaN,NaN,NaN,NaN,NaN
NaN,NaN,NaN,NaN,2.1708,NaN,NaN,NaN,NaN,NaN,NaN,NaN,NaN,NaN,NaN,NaN,NaN,NaN,NaN,NaN,NaN,NaN,2.0088,NaN,NaN,1.1016,0.81,1.0692,NaN,NaN,NaN,NaN,NaN,NaN,NaN,NaN,NaN,NaN,1.0692,1.3284,NaN,NaN,2.0412,NaN,NaN,1.4904,NaN,NaN,NaN,NaN
NaN,NaN,NaN,NaN,2.2032,NaN,NaN,1.8144,NaN,0.9072,NaN,1.5552,2.2032,NaN,NaN,1.1988,1.1988,2.592,NaN,1.1016,NaN,1.7172,1.782,1.4904,0.9072,0.7452,NaN,NaN,1.0044,1.0368,NaN,NaN,0.8748,1.3608,1.1988,1.1664,0.81,1.296,1.1016,2.8512,1.62,1.6848,NaN,1.2312,2.3652,1.2636,NaN,NaN,1.296,NaN
NaN,NaN,NaN,NaN,4.5036,4.86,NaN,NaN,NaN,NaN,NaN,NaN,NaN,2.6892,NaN,3.4344,NaN,NaN,NaN,NaN,NaN,NaN,NaN,6.2856,NaN,NaN,NaN,NaN,NaN,NaN,NaN,NaN,NaN,NaN,NaN,NaN,NaN,NaN,NaN,NaN,NaN,NaN,NaN,NaN,NaN,NaN,NaN,NaN,NaN,NaN
NaN,NaN,NaN,NaN,1.7172,2.2032,2.0412,2.754,NaN,1.1664,NaN,NaN,NaN,1.458,NaN,1.0044,NaN,NaN,NaN,1.2636,NaN,0.7776,NaN,NaN,NaN,NaN,NaN,NaN,NaN,0.8424,NaN,NaN,NaN,NaN,NaN,NaN,NaN,NaN,NaN,1.134,NaN,0.7452,0.9396,NaN,NaN,NaN,NaN,NaN,1.296,1.3608
NaN,NaN,NaN,NaN,4.0824,3.1104,NaN,4.2768,3.888,NaN,NaN,3.9852,1.8468,1.7172,NaN,NaN,NaN,NaN,NaN,NaN,NaN,3.3696,NaN,NaN,NaN,NaN,NaN,NaN,NaN,NaN,NaN,1.458,NaN,NaN,NaN,1.1988,NaN,NaN,1.8468,NaN,NaN,1.6524,NaN,NaN,NaN,NaN,NaN,NaN,1.5552,NaN
NaN,NaN,NaN,NaN,0.7776,1.0368,0.9072,NaN,NaN,1.1016,1.296,1.134,1.0368,NaN,1.0368,1.2636,1.0692,1.1988,1.1016,0.8748,0.8748,1.0692,1.3608,NaN,0.7452,1.296,1.0368,1.134,NaN,NaN,1.3932,NaN,2.9808,NaN,NaN,NaN,NaN,NaN,2.106,2.0088,2.3004,2.2356,1.4904,NaN,NaN,NaN,NaN,2.4624,2.106,NaN
NaN,NaN,NaN,NaN,0.7452,1.1664,NaN,NaN,0.7776,NaN,0.8748,1.0368,1.2636,1.1988,1.0368,1.134,1.1664,1.2312,1.0044,1.5228,1.2636,1.7172,1.3608,1.2636,1.1016,0.9396,0.9396,1.0692,0.7452,0.7452,0.81,0.7776,0.8748,1.0044,1.0692,1.1988,1.3608,1.0368,1.0368,1.1016,1.0044,0.8424,0.8748,NaN,NaN,1.2636,0.8748,NaN,1.3608,1.2312
NaN,NaN,NaN,NaN,0.81,0.8748,NaN,NaN,0.7776,NaN,NaN,0.8424,0.7776,NaN,NaN,NaN,NaN,NaN,NaN,NaN,NaN,NaN,NaN,1.4256,NaN,NaN,NaN,NaN,NaN,NaN,0.81,1.4904,0.9072,0.7776,NaN,1.134,NaN,NaN,NaN,NaN,NaN,NaN,NaN,NaN,NaN,NaN,NaN,NaN,NaN,NaN
NaN,NaN,NaN,NaN,0.9396,NaN,NaN,NaN,NaN,0.9072,NaN,1.0368,1.0368,NaN,NaN,1.0692,1.0692,NaN,1.3932,0.8424,0.7776,NaN,NaN,0.9396,NaN,1.0044,NaN,NaN,NaN,NaN,NaN,0.972,NaN,0.8748,0.8748,1.296,NaN,0.9072,NaN,NaN,NaN,NaN,NaN,NaN,NaN,NaN,NaN,NaN,NaN,NaN
NaN,NaN,NaN,NaN,0.7776,0.7452,0.7776,NaN,NaN,NaN,NaN,NaN,NaN,NaN,NaN,NaN,NaN,NaN,0.7452,NaN,NaN,NaN,NaN,NaN,NaN,NaN,NaN,NaN,NaN,NaN,NaN,NaN,NaN,0.7776,NaN,1.0368,0.9396,1.0692,0.7452,NaN,NaN,0.81,NaN,NaN,NaN,NaN,0.7776,NaN,NaN,NaN
NaN,NaN,NaN,NaN,NaN,3.1752,2.3004,NaN,3.3048,NaN,NaN,NaN,NaN,1.8144,1.0368,2.1708,NaN,NaN,1.296,1.0368,1.0368,1.8792,0.9396,2.1384,1.3284,NaN,NaN,NaN,1.458,1.5552,1.1016,NaN,NaN,NaN,NaN,NaN,1.2636,NaN,1.1016,NaN,1.296,NaN,0.81,NaN,NaN,NaN,NaN,1.1988,NaN,0.8424
NaN,NaN,NaN,NaN,NaN,0.81,NaN,NaN,NaN,NaN,NaN,NaN,NaN,NaN,NaN,NaN,NaN,NaN,NaN,NaN,NaN,NaN,NaN,1.2636,NaN,NaN,NaN,NaN,NaN,NaN,NaN,NaN,1.0368,NaN,NaN,NaN,NaN,NaN,NaN,NaN,NaN,NaN,NaN,NaN,NaN,NaN,NaN,NaN,NaN,NaN
NaN,NaN,NaN,NaN,NaN,3.9852,NaN,3.9852,NaN,2.592,2.7864,0.7776,0.9396,NaN,2.2032,1.9116,1.5228,NaN,NaN,NaN,NaN,NaN,NaN,NaN,NaN,NaN,NaN,NaN,NaN,NaN,NaN,NaN,NaN,0.8424,NaN,NaN,NaN,NaN,NaN,NaN,NaN,NaN,NaN,NaN,NaN,NaN,NaN,NaN,NaN,NaN
NaN,NaN,NaN,NaN,NaN,1.0692,NaN,NaN,1.1664,NaN,NaN,NaN,NaN,NaN,NaN,NaN,1.2636,NaN,1.0368,NaN,NaN,NaN,NaN,NaN,NaN,NaN,NaN,NaN,0.9396,NaN,1.5552,0.7776,NaN,NaN,NaN,NaN,NaN,NaN,NaN,NaN,NaN,NaN,NaN,NaN,NaN,NaN,NaN,NaN,NaN,NaN
NaN,NaN,NaN,NaN,NaN,0.7452,0.9072,NaN,NaN,1.0368,NaN,NaN,0.7776,NaN,NaN,NaN,NaN,NaN,NaN,NaN,NaN,NaN,NaN,0.7776,NaN,NaN,0.7776,NaN,NaN,1.0368,0.9072,NaN,NaN,1.1664,NaN,0.8424,NaN,1.0368,NaN,0.972,NaN,NaN,NaN,NaN,1.1988,0.8424,0.7776,NaN,NaN,NaN
NaN,NaN,NaN,NaN,NaN,1.3608,0.7776,1.7172,2.0736,NaN,2.0412,1.0368,0.7776,NaN,NaN,NaN,NaN,NaN,NaN,0.7452,NaN,NaN,NaN,NaN,NaN,1.134,1.0044,NaN,NaN,1.458,NaN,NaN,NaN,NaN,NaN,NaN,NaN,0.7776,0.9396,NaN,NaN,NaN,0.7776,NaN,1.0044,NaN,NaN,0.9396,0.7452,NaN
NaN,NaN,NaN,NaN,NaN,0.972,NaN,NaN,NaN,NaN,NaN,0.9396,1.944,NaN,NaN,NaN,NaN,NaN,NaN,NaN,NaN,NaN,2.0736,2.268,1.7172,2.43,2.2356,2.43,2.4948,NaN,NaN,NaN,NaN,NaN,2.0088,2.0412,1.6848,NaN,NaN,2.4624,1.62,NaN,NaN,2.3004,2.3004,NaN,2.6244,2.0088,2.3652,NaN
NaN,NaN,NaN,NaN,NaN,2.106,0.81,1.3932,1.5552,1.1664,1.1016,0.81,NaN,NaN,NaN,NaN,0.8748,NaN,NaN,NaN,NaN,NaN,NaN,NaN,NaN,NaN,NaN,NaN,NaN,NaN,1.1016,NaN,NaN,NaN,NaN,NaN,NaN,NaN,NaN,NaN,NaN,NaN,NaN,NaN,NaN,NaN,NaN,NaN,NaN,NaN
NaN,NaN,NaN,NaN,NaN,1.3932,0.9072,1.3932,0.81,NaN,NaN,NaN,NaN,0.81,0.8424,1.4256,0.972,0.9072,NaN,NaN,NaN,NaN,NaN,NaN,NaN,0.972,0.8748,NaN,1.458,0.8424,1.0368,1.134,NaN,0.9072,NaN,NaN,NaN,NaN,1.0044,1.3608,NaN,NaN,0.9396,1.2636,1.0368,NaN,1.0044,1.2312,0.9072,NaN
NaN,NaN,NaN,NaN,NaN,1.8792,NaN,0.8424,1.134,NaN,NaN,NaN,NaN,NaN,NaN,NaN,1.2636,0.972,NaN,NaN,NaN,NaN,NaN,NaN,NaN,NaN,NaN,NaN,NaN,1.0692,NaN,NaN,NaN,1.296,NaN,NaN,NaN,NaN,NaN,NaN,0.7452,NaN,NaN,NaN,NaN,0.9072,NaN,NaN,0.9072,0.9396
NaN,NaN,NaN,NaN,NaN,NaN,0.7452,0.7776,NaN,0.8424,0.9072,0.8748,1.2636,0.7776,1.3608,NaN,1.4256,1.3932,NaN,NaN,NaN,NaN,NaN,NaN,NaN,NaN,NaN,NaN,NaN,NaN,0.8424,1.0044,NaN,NaN,NaN,NaN,NaN,NaN,1.1016,NaN,NaN,NaN,1.134,1.1988,0.7452,NaN,NaN,NaN,NaN,NaN
NaN,NaN,NaN,NaN,NaN,NaN,3.3696,NaN,NaN,NaN,1.4256,NaN,NaN,NaN,NaN,NaN,NaN,NaN,NaN,NaN,NaN,NaN,NaN,NaN,NaN,NaN,NaN,16.8156,NaN,NaN,NaN,NaN,NaN,NaN,NaN,NaN,NaN,NaN,NaN,NaN,NaN,NaN,NaN,NaN,NaN,NaN,NaN,NaN,NaN,NaN
NaN,NaN,NaN,NaN,NaN,NaN,0.9396,1.7496,NaN,NaN,NaN,2.7864,NaN,NaN,NaN,NaN,NaN,NaN,1.8792,NaN,NaN,NaN,NaN,NaN,NaN,NaN,2.9484,NaN,NaN,NaN,NaN,NaN,NaN,NaN,NaN,NaN,0.8748,NaN,NaN,NaN,NaN,NaN,NaN,NaN,0.7776,NaN,0.972,NaN,NaN,NaN
NaN,NaN,NaN,NaN,NaN,NaN,0.7452,0.972,1.0044,0.8748,NaN,NaN,0.7776,NaN,NaN,NaN,0.7776,0.9396,1.1016,NaN,0.7452,0.7776,0.9396,NaN,NaN,NaN,NaN,NaN,NaN,NaN,0.9396,0.7776,NaN,NaN,NaN,NaN,0.81,NaN,NaN,NaN,NaN,NaN,NaN,NaN,NaN,NaN,NaN,NaN,NaN,NaN
NaN,NaN,NaN,NaN,NaN,NaN,1.3284,0.8424,NaN,NaN,NaN,NaN,NaN,NaN,NaN,NaN,NaN,1.6848,NaN,NaN,NaN,1.6524,NaN,1.1664,NaN,2.3652,2.754,2.2356,NaN,1.3284,0.81,1.3284,NaN,NaN,NaN,NaN,2.8512,NaN,2.1708,1.4904,1.7172,1.62,2.3652,NaN,NaN,NaN,NaN,1.3284,1.8792,1.1016
NaN,NaN,NaN,NaN,NaN,NaN,NaN,2.3004,NaN,NaN,NaN,NaN,NaN,NaN,NaN,NaN,NaN,NaN,1.4256,NaN,NaN,NaN,1.3932,NaN,NaN,NaN,NaN,NaN,NaN,NaN,NaN,NaN,NaN,NaN,NaN,NaN,NaN,NaN,NaN,NaN,NaN,NaN,NaN,NaN,NaN,NaN,NaN,NaN,NaN,NaN
NaN,NaN,NaN,NaN,NaN,NaN,NaN,1.5552,2.1708,2.3328,2.0412,2.2032,NaN,NaN,NaN,1.9764,1.9764,2.2032,NaN,2.106,1.3284,NaN,1.3608,NaN,1.1664,1.5876,NaN,NaN,NaN,NaN,NaN,0.8424,NaN,NaN,NaN,NaN,1.1664,1.8144,NaN,NaN,NaN,1.1988,1.3932,NaN,1.4256,1.3608,NaN,NaN,NaN,1.296
NaN,NaN,NaN,NaN,NaN,NaN,NaN,3.7908,4.1148,NaN,NaN,NaN,4.6656,NaN,NaN,4.1796,4.3092,0.7776,NaN,NaN,NaN,NaN,NaN,NaN,NaN,NaN,NaN,NaN,NaN,NaN,NaN,NaN,NaN,NaN,NaN,NaN,NaN,NaN,NaN,NaN,NaN,NaN,NaN,NaN,NaN,NaN,NaN,NaN,NaN,NaN
NaN,NaN,NaN,NaN,NaN,NaN,NaN,1.0044,0.972,NaN,NaN,NaN,NaN,NaN,NaN,NaN,NaN,NaN,NaN,NaN,NaN,NaN,NaN,NaN,NaN,NaN,NaN,NaN,NaN,NaN,NaN,NaN,NaN,NaN,NaN,NaN,NaN,NaN,NaN,NaN,NaN,NaN,NaN,NaN,NaN,NaN,NaN,NaN,NaN,NaN
NaN,NaN,NaN,NaN,NaN,NaN,NaN,2.7216,NaN,NaN,NaN,NaN,NaN,NaN,NaN,NaN,NaN,NaN,1.1664,NaN,1.1016,NaN,NaN,NaN,1.0044,NaN,NaN,0.7776,NaN,NaN,NaN,NaN,NaN,NaN,NaN,NaN,NaN,NaN,NaN,NaN,NaN,1.1664,NaN,1.134,1.134,NaN,NaN,NaN,NaN,NaN
NaN,NaN,NaN,NaN,NaN,NaN,NaN,3.402,2.5596,NaN,1.1664,1.3284,0.972,NaN,NaN,0.8748,0.9072,0.9072,NaN,0.9072,NaN,NaN,NaN,NaN,NaN,NaN,NaN,0.8748,NaN,1.3284,NaN,NaN,NaN,NaN,NaN,NaN,NaN,NaN,NaN,NaN,NaN,NaN,NaN,NaN,NaN,NaN,NaN,NaN,0.81,NaN
NaN,NaN,NaN,NaN,NaN,NaN,NaN,2.1708,1.1664,1.0368,0.972,NaN,NaN,NaN,0.9072,NaN,NaN,NaN,NaN,NaN,NaN,NaN,NaN,NaN,NaN,NaN,NaN,NaN,NaN,NaN,NaN,NaN,NaN,NaN,NaN,NaN,NaN,NaN,NaN,NaN,NaN,NaN,NaN,NaN,NaN,NaN,NaN,NaN,NaN,NaN
NaN,NaN,NaN,NaN,NaN,NaN,NaN,0.7776,NaN,NaN,NaN,NaN,NaN,NaN,0.9072,NaN,NaN,NaN,NaN,1.0692,NaN,NaN,NaN,NaN,0.81,NaN,NaN,NaN,NaN,NaN,NaN,NaN,0.9072,0.8424,0.9072,NaN,0.8748,0.7452,NaN,NaN,0.972,0.8748,NaN,0.8748,1.2636,1.7172,1.1664,1.134,1.0044,1.0368
NaN,NaN,NaN,NaN,NaN,NaN,NaN,NaN,0.7452,NaN,NaN,NaN,NaN,NaN,NaN,NaN,NaN,NaN,NaN,1.0044,NaN,NaN,NaN,0.8748,NaN,NaN,NaN,NaN,NaN,NaN,NaN,NaN,NaN,0.7452,NaN,NaN,NaN,1.1664,NaN,NaN,NaN,NaN,NaN,NaN,NaN,NaN,0.9396,NaN,NaN,NaN
NaN,NaN,NaN,NaN,NaN,NaN,NaN,NaN,0.7776,NaN,NaN,NaN,NaN,NaN,NaN,NaN,NaN,NaN,NaN,NaN,NaN,NaN,NaN,NaN,NaN,0.8424,NaN,0.81,NaN,NaN,NaN,NaN,1.0044,NaN,NaN,0.972,NaN,NaN,NaN,0.7452,NaN,NaN,0.7452,NaN,NaN,NaN,NaN,NaN,NaN,NaN
NaN,NaN,NaN,NaN,NaN,NaN,NaN,NaN,0.7452,NaN,NaN,NaN,NaN,NaN,NaN,NaN,0.9396,NaN,NaN,NaN,NaN,NaN,NaN,NaN,NaN,NaN,NaN,NaN,NaN,NaN,NaN,NaN,NaN,NaN,NaN,NaN,NaN,NaN,NaN,NaN,NaN,NaN,NaN,NaN,NaN,NaN,NaN,NaN,NaN,NaN
NaN,NaN,NaN,NaN,NaN,NaN,NaN,NaN,0.81,NaN,NaN,0.81,0.7452,NaN,NaN,NaN,NaN,0.8748,0.81,NaN,NaN,NaN,NaN,NaN,NaN,NaN,NaN,NaN,0.972,NaN,NaN,1.1016,NaN,0.7776,1.2312,NaN,NaN,1.0044,NaN,1.1016,NaN,NaN,NaN,NaN,NaN,NaN,NaN,NaN,NaN,NaN
NaN,NaN,NaN,NaN,NaN,NaN,NaN,NaN,NaN,4.8276,NaN,NaN,NaN,NaN,3.1752,NaN,1.5552,NaN,NaN,NaN,NaN,4.3416,NaN,NaN,2.1384,2.7216,3.078,2.3004,2.592,NaN,2.8836,NaN,NaN,4.4712,2.2032,3.078,NaN,2.2032,NaN,NaN,4.374,NaN,3.6288,NaN,3.2724,4.212,NaN,4.2768,NaN,NaN
NaN,NaN,NaN,NaN,NaN,NaN,NaN,NaN,NaN,2.5272,2.6892,1.1988,2.2356,NaN,1.9116,NaN,NaN,NaN,1.458,NaN,NaN,1.7172,1.782,2.1384,2.3328,2.2032,2.3328,1.944,1.1988,2.0736,NaN,1.9116,NaN,2.2032,1.4904,2.0412,3.7584,1.944,NaN,2.2032,NaN,1.6524,NaN,1.1016,NaN,1.3608,1.5552,1.3608,1.6524,1.1664
NaN,NaN,NaN,NaN,NaN,NaN,NaN,NaN,NaN,0.7776,1.0044,0.9396,NaN,1.0044,NaN,NaN,0.81,1.2636,NaN,NaN,1.5552,1.2312,0.972,1.5552,0.7452,1.0044,1.0692,0.81,NaN,NaN,0.7452,NaN,NaN,NaN,NaN,NaN,NaN,NaN,0.8748,0.7452,0.8424,NaN,NaN,NaN,NaN,0.8748,NaN,1.2636,NaN,NaN
NaN,NaN,NaN,NaN,NaN,NaN,NaN,NaN,NaN,0.7452,NaN,NaN,NaN,NaN,0.8748,NaN,NaN,NaN,NaN,NaN,NaN,NaN,NaN,NaN,NaN,NaN,NaN,NaN,NaN,NaN,NaN,NaN,NaN,NaN,NaN,NaN,NaN,NaN,NaN,NaN,NaN,NaN,NaN,NaN,NaN,NaN,NaN,NaN,NaN,NaN
NaN,NaN,NaN,NaN,NaN,NaN,NaN,NaN,NaN,NaN,2.0088,NaN,NaN,NaN,2.268,NaN,NaN,NaN,NaN,NaN,1.5228,1.0044,NaN,0.7452,NaN,NaN,NaN,NaN,NaN,NaN,NaN,NaN,NaN,NaN,NaN,NaN,NaN,NaN,NaN,NaN,NaN,NaN,NaN,NaN,NaN,NaN,NaN,NaN,NaN,NaN
NaN,NaN,NaN,NaN,NaN,NaN,NaN,NaN,NaN,NaN,NaN,2.2356,1.8792,1.6524,1.8468,1.6524,2.4948,2.9484,3.0456,1.7496,2.4948,1.7172,1.6848,2.754,NaN,1.5876,1.4256,1.296,1.134,2.0412,2.3976,2.106,1.7496,2.592,2.2032,1.6524,1.9764,2.7864,NaN,1.62,NaN,NaN,NaN,NaN,NaN,1.9764,1.8792,1.6848,NaN,1.782
NaN,NaN,NaN,NaN,NaN,NaN,NaN,NaN,NaN,NaN,NaN,0.8748,1.1664,NaN,NaN,NaN,NaN,0.7776,NaN,NaN,1.1016,NaN,NaN,NaN,NaN,1.134,NaN,1.0692,1.3284,NaN,1.1664,NaN,0.9396,1.0368,1.2636,1.4904,1.3284,1.3608,1.1664,1.0368,1.1016,0.81,NaN,NaN,NaN,NaN,NaN,NaN,NaN,NaN
NaN,NaN,NaN,NaN,NaN,NaN,NaN,NaN,NaN,NaN,NaN,0.9072,NaN,NaN,NaN,0.7776,NaN,NaN,NaN,NaN,NaN,NaN,NaN,NaN,NaN,NaN,NaN,NaN,NaN,NaN,NaN,0.9072,NaN,0.7776,NaN,NaN,NaN,NaN,NaN,NaN,NaN,NaN,NaN,NaN,NaN,NaN,NaN,NaN,NaN,NaN
NaN,NaN,NaN,NaN,NaN,NaN,NaN,NaN,NaN,NaN,NaN,2.592,NaN,NaN,NaN,NaN,NaN,NaN,NaN,NaN,NaN,NaN,NaN,NaN,NaN,NaN,NaN,NaN,3.0456,3.0132,2.8836,NaN,NaN,2.916,3.6288,NaN,2.7864,3.1104,3.1428,3.5316,NaN,NaN,NaN,NaN,NaN,NaN,NaN,NaN,4.4064,NaN
NaN,NaN,NaN,NaN,NaN,NaN,NaN,NaN,NaN,NaN,NaN,2.7216,2.5272,2.5272,NaN,NaN,NaN,NaN,NaN,NaN,NaN,NaN,NaN,NaN,NaN,NaN,NaN,2.3976,NaN,NaN,NaN,NaN,NaN,NaN,2.3004,2.0412,2.2032,2.1708,2.0736,2.1708,1.782,1.9764,2.1384,2.0088,1.6848,1.782,2.0088,1.944,2.3652,1.8792
NaN,NaN,NaN,NaN,NaN,NaN,NaN,NaN,NaN,NaN,NaN,2.2032,2.7216,1.4904,1.0692,1.3932,2.2032,1.1016,1.8468,1.3932,0.81,NaN,NaN,NaN,NaN,NaN,NaN,0.9072,1.2312,0.7776,0.81,1.3284,NaN,1.62,NaN,1.4904,NaN,NaN,NaN,NaN,NaN,NaN,NaN,NaN,NaN,NaN,NaN,NaN,NaN,NaN
NaN,NaN,NaN,NaN,NaN,NaN,NaN,NaN,NaN,NaN,NaN,2.1384,1.2636,NaN,0.7452,1.3932,1.7496,1.8468,NaN,1.1664,1.296,1.3284,1.6848,NaN,1.8468,1.4904,1.5228,1.2312,0.8424,NaN,NaN,NaN,NaN,NaN,NaN,NaN,2.2032,NaN,NaN,NaN,NaN,NaN,NaN,NaN,2.592,NaN,NaN,NaN,1.62,NaN
NaN,NaN,NaN,NaN,NaN,NaN,NaN,NaN,NaN,NaN,NaN,0.7776,0.7452,NaN,NaN,NaN,NaN,NaN,NaN,NaN,1.1664,0.7452,NaN,NaN,NaN,NaN,0.81,NaN,NaN,NaN,1.0368,NaN,2.1708,1.2312,NaN,NaN,NaN,NaN,NaN,1.3284,1.8792,NaN,NaN,NaN,0.9072,1.8468,NaN,2.268,0.972,NaN
NaN,NaN,NaN,NaN,NaN,NaN,NaN,NaN,NaN,NaN,NaN,NaN,3.2076,NaN,NaN,2.5596,1.5552,NaN,2.6892,NaN,NaN,1.4904,2.6892,NaN,NaN,NaN,NaN,NaN,2.3652,NaN,NaN,NaN,2.5596,NaN,NaN,NaN,NaN,NaN,NaN,NaN,NaN,NaN,NaN,NaN,4.1796,NaN,NaN,NaN,NaN,NaN
NaN,NaN,NaN,NaN,NaN,NaN,NaN,NaN,NaN,NaN,NaN,NaN,1.8468,2.1384,NaN,NaN,NaN,NaN,NaN,NaN,NaN,2.8512,NaN,NaN,1.5552,2.6244,1.9764,NaN,NaN,1.2636,2.4948,1.1988,1.2636,1.1016,NaN,NaN,2.0736,NaN,1.8144,NaN,1.9116,0.81,1.5876,NaN,NaN,2.3328,NaN,2.4948,NaN,1.5876
NaN,NaN,NaN,NaN,NaN,NaN,NaN,NaN,NaN,NaN,NaN,NaN,1.5228,NaN,1.3284,1.0368,1.0368,NaN,NaN,NaN,0.81,NaN,0.9072,0.9396,1.3284,NaN,1.1988,NaN,NaN,NaN,NaN,NaN,NaN,0.9072,NaN,NaN,NaN,0.81,0.9396,NaN,NaN,NaN,NaN,NaN,NaN,0.9396,NaN,NaN,NaN,NaN
NaN,NaN,NaN,NaN,NaN,NaN,NaN,NaN,NaN,NaN,NaN,NaN,0.9072,NaN,0.7452,NaN,NaN,NaN,NaN,NaN,NaN,0.8424,NaN,NaN,0.9072,NaN,NaN,NaN,NaN,NaN,NaN,NaN,NaN,NaN,NaN,NaN,NaN,NaN,NaN,NaN,NaN,NaN,NaN,1.0368,NaN,1.1016,NaN,0.81,1.2636,1.134
NaN,NaN,NaN,NaN,NaN,NaN,NaN,NaN,NaN,NaN,NaN,NaN,2.43,NaN,NaN,NaN,NaN,NaN,NaN,NaN,NaN,NaN,NaN,NaN,NaN,NaN,NaN,1.296,1.3932,1.8144,2.3976,NaN,NaN,1.5552,1.62,NaN,NaN,NaN,1.4904,NaN,1.0368,NaN,1.2636,NaN,2.8836,NaN,1.5228,NaN,2.6568,2.43
NaN,NaN,NaN,NaN,NaN,NaN,NaN,NaN,NaN,NaN,NaN,NaN,NaN,1.9116,2.1384,1.944,1.9764,1.8144,1.3932,NaN,1.8144,1.944,1.8144,NaN,1.2636,NaN,NaN,NaN,1.944,NaN,1.458,NaN,1.944,1.8792,NaN,NaN,0.8424,NaN,NaN,NaN,1.4904,1.296,NaN,1.5228,NaN,NaN,2.0412,NaN,NaN,NaN
NaN,NaN,NaN,NaN,NaN,NaN,NaN,NaN,NaN,NaN,NaN,NaN,NaN,3.9852,NaN,NaN,NaN,NaN,NaN,NaN,NaN,NaN,NaN,4.3092,3.6612,3.4344,NaN,NaN,3.888,NaN,NaN,NaN,3.4992,NaN,NaN,4.7304,5.508,NaN,NaN,NaN,NaN,NaN,4.3092,NaN,4.86,NaN,4.05,NaN,4.9572,NaN
NaN,NaN,NaN,NaN,NaN,NaN,NaN,NaN,NaN,NaN,NaN,NaN,NaN,1.9116,NaN,NaN,NaN,NaN,NaN,NaN,NaN,NaN,NaN,NaN,NaN,1.3932,NaN,1.5876,NaN,NaN,NaN,NaN,NaN,NaN,NaN,NaN,NaN,NaN,NaN,NaN,NaN,NaN,NaN,NaN,NaN,NaN,NaN,NaN,NaN,NaN
NaN,NaN,NaN,NaN,NaN,NaN,NaN,NaN,NaN,NaN,NaN,NaN,NaN,4.5036,NaN,4.6332,NaN,NaN,NaN,3.3696,3.2724,4.212,NaN,NaN,3.888,NaN,NaN,NaN,3.1752,NaN,NaN,3.1428,2.4624,NaN,NaN,NaN,1.5876,2.4948,NaN,2.5596,NaN,1.458,NaN,NaN,1.3284,NaN,NaN,NaN,NaN,NaN
NaN,NaN,NaN,NaN,NaN,NaN,NaN,NaN,NaN,NaN,NaN,NaN,NaN,1.7496,1.6524,1.7496,2.106,1.2312,1.3284,0.7776,0.7776,0.8748,1.5552,1.1664,1.2312,1.6524,NaN,1.0692,0.9072,1.9116,1.296,1.6524,0.81,1.944,0.7452,1.8792,1.8792,2.1708,1.782,1.4256,1.6848,1.6524,2.106,1.6848,1.782,NaN,1.3932,0.8748,NaN,1.3284
NaN,NaN,NaN,NaN,NaN,NaN,NaN,NaN,NaN,NaN,NaN,NaN,NaN,0.7776,NaN,NaN,NaN,NaN,1.6848,NaN,NaN,0.9072,NaN,1.2312,1.458,1.2636,0.7776,NaN,NaN,NaN,1.296,NaN,NaN,1.3608,NaN,NaN,NaN,NaN,NaN,NaN,NaN,1.1988,1.296,NaN,NaN,NaN,NaN,1.458,NaN,NaN
NaN,NaN,NaN,NaN,NaN,NaN,NaN,NaN,NaN,NaN,NaN,NaN,NaN,NaN,1.1988,NaN,NaN,NaN,NaN,NaN,NaN,NaN,NaN,NaN,NaN,NaN,1.6524,NaN,NaN,NaN,1.1664,NaN,NaN,NaN,NaN,NaN,NaN,NaN,NaN,1.4256,NaN,NaN,NaN,NaN,NaN,NaN,NaN,NaN,NaN,NaN
NaN,NaN,NaN,NaN,NaN,NaN,NaN,NaN,NaN,NaN,NaN,NaN,NaN,NaN,0.8424,NaN,0.7452,0.8424,NaN,NaN,NaN,NaN,NaN,NaN,NaN,NaN,0.8748,0.7776,1.1016,0.972,1.8792,NaN,NaN,NaN,NaN,NaN,NaN,NaN,1.6524,1.7496,0.972,0.81,1.2636,0.8424,0.8748,NaN,0.9072,NaN,NaN,NaN
NaN,NaN,NaN,NaN,NaN,NaN,NaN,NaN,NaN,NaN,NaN,NaN,NaN,NaN,13.0896,NaN,NaN,NaN,NaN,NaN,NaN,NaN,NaN,NaN,NaN,NaN,NaN,NaN,NaN,NaN,NaN,11.1132,NaN,NaN,NaN,NaN,NaN,NaN,NaN,NaN,NaN,NaN,NaN,NaN,NaN,NaN,6.3828,9.2988,NaN,9.72
NaN,NaN,NaN,NaN,NaN,NaN,NaN,NaN,NaN,NaN,NaN,NaN,NaN,NaN,3.0456,1.4904,1.0368,NaN,NaN,NaN,NaN,NaN,NaN,NaN,NaN,NaN,NaN,NaN,1.1016,NaN,NaN,NaN,NaN,NaN,NaN,NaN,NaN,3.726,2.4948,NaN,NaN,2.3328,NaN,NaN,NaN,2.6892,NaN,NaN,NaN,NaN
NaN,NaN,NaN,NaN,NaN,NaN,NaN,NaN,NaN,NaN,NaN,NaN,NaN,NaN,1.0044,NaN,NaN,1.2312,1.5876,1.8792,0.7776,1.0692,0.9072,NaN,1.2312,1.458,1.4904,1.1664,1.3932,1.1016,NaN,NaN,NaN,NaN,NaN,0.7452,NaN,0.9072,NaN,NaN,2.2356,1.1664,0.7776,NaN,1.2312,NaN,NaN,0.972,NaN,NaN
NaN,NaN,NaN,NaN,NaN,NaN,NaN,NaN,NaN,NaN,NaN,NaN,NaN,NaN,4.3092,NaN,NaN,NaN,NaN,NaN,NaN,NaN,1.5228,0.81,NaN,NaN,NaN,NaN,NaN,NaN,NaN,NaN,NaN,NaN,NaN,NaN,NaN,NaN,NaN,NaN,NaN,NaN,NaN,NaN,NaN,NaN,NaN,NaN,NaN,NaN
NaN,NaN,NaN,NaN,NaN,NaN,NaN,NaN,NaN,NaN,NaN,NaN,NaN,NaN,NaN,0.7776,NaN,NaN,NaN,NaN,NaN,NaN,NaN,NaN,0.9072,NaN,NaN,NaN,NaN,NaN,NaN,NaN,NaN,NaN,NaN,NaN,NaN,0.7776,NaN,NaN,NaN,NaN,NaN,NaN,NaN,NaN,NaN,NaN,0.81,NaN
NaN,NaN,NaN,NaN,NaN,NaN,NaN,NaN,NaN,NaN,NaN,NaN,NaN,NaN,NaN,3.402,NaN,NaN,NaN,NaN,NaN,3.888,NaN,NaN,3.1104,NaN,NaN,NaN,NaN,NaN,0.8424,1.3608,0.8748,NaN,NaN,NaN,NaN,NaN,NaN,NaN,NaN,NaN,1.0044,1.0368,NaN,NaN,NaN,NaN,0.7452,0.7452
NaN,NaN,NaN,NaN,NaN,NaN,NaN,NaN,NaN,NaN,NaN,NaN,NaN,NaN,NaN,2.5596,NaN,NaN,1.3608,NaN,NaN,NaN,NaN,NaN,NaN,NaN,NaN,NaN,1.62,2.754,0.8424,1.782,NaN,1.458,1.1664,1.5876,0.8424,0.7452,NaN,NaN,NaN,1.458,NaN,1.5876,NaN,NaN,1.5228,NaN,2.6892,2.3004
NaN,NaN,NaN,NaN,NaN,NaN,NaN,NaN,NaN,NaN,NaN,NaN,NaN,NaN,NaN,0.8424,NaN,1.7172,NaN,0.9396,NaN,NaN,1.3608,1.1988,1.1016,1.1664,NaN,0.7452,NaN,0.8748,0.9072,NaN,NaN,1.3932,NaN,1.0044,0.972,0.9072,NaN,NaN,0.7452,NaN,1.0368,0.8748,1.0044,1.296,1.0368,0.9396,0.7452,0.7776
NaN,NaN,NaN,NaN,NaN,NaN,NaN,NaN,NaN,NaN,NaN,NaN,NaN,NaN,NaN,1.62,1.5876,1.8468,1.0368,NaN,1.782,NaN,NaN,NaN,0.8424,0.81,NaN,NaN,NaN,NaN,NaN,NaN,NaN,NaN,NaN,1.6848,NaN,1.2636,1.8468,0.7776,0.972,1.0368,1.1664,1.5876,2.3652,NaN,NaN,NaN,NaN,NaN
NaN,NaN,NaN,NaN,NaN,NaN,NaN,NaN,NaN,NaN,NaN,NaN,NaN,NaN,NaN,0.7452,NaN,NaN,NaN,NaN,NaN,NaN,NaN,NaN,NaN,NaN,NaN,NaN,NaN,NaN,NaN,NaN,NaN,1.2312,NaN,NaN,NaN,NaN,NaN,NaN,NaN,NaN,NaN,NaN,NaN,NaN,NaN,NaN,1.0692,NaN
NaN,NaN,NaN,NaN,NaN,NaN,NaN,NaN,NaN,NaN,NaN,NaN,NaN,NaN,NaN,0.7452,NaN,NaN,NaN,NaN,NaN,NaN,NaN,NaN,0.7452,NaN,NaN,NaN,NaN,0.81,0.7452,NaN,NaN,NaN,NaN,1.1016,NaN,NaN,1.0368,0.8748,NaN,1.0044,0.8748,NaN,1.296,NaN,1.458,1.3608,1.3284,1.0692
NaN,NaN,NaN,NaN,NaN,NaN,NaN,NaN,NaN,NaN,NaN,NaN,NaN,NaN,NaN,NaN,0.81,NaN,NaN,NaN,NaN,NaN,NaN,NaN,NaN,NaN,0.7776,NaN,NaN,NaN,NaN,NaN,NaN,NaN,NaN,NaN,NaN,NaN,NaN,NaN,NaN,NaN,NaN,NaN,NaN,NaN,NaN,NaN,NaN,NaN
NaN,NaN,NaN,NaN,NaN,NaN,NaN,NaN,NaN,NaN,NaN,NaN,NaN,NaN,NaN,NaN,5.7348,NaN,NaN,NaN,NaN,NaN,NaN,NaN,NaN,1.944,1.9116,1.9116,1.9116,NaN,NaN,NaN,NaN,NaN,NaN,NaN,NaN,NaN,NaN,NaN,NaN,NaN,NaN,NaN,NaN,NaN,NaN,1.6524,1.0368,0.81
NaN,NaN,NaN,NaN,NaN,NaN,NaN,NaN,NaN,NaN,NaN,NaN,NaN,NaN,NaN,NaN,1.0368,NaN,NaN,NaN,0.8748,NaN,NaN,NaN,NaN,NaN,NaN,NaN,NaN,NaN,NaN,NaN,NaN,NaN,NaN,NaN,0.7776,NaN,NaN,NaN,NaN,NaN,NaN,NaN,NaN,0.7452,NaN,NaN,NaN,NaN
NaN,NaN,NaN,NaN,NaN,NaN,NaN,NaN,NaN,NaN,NaN,NaN,NaN,NaN,NaN,NaN,2.1708,NaN,NaN,NaN,NaN,NaN,NaN,NaN,NaN,NaN,NaN,NaN,NaN,2.43,NaN,NaN,NaN,NaN,NaN,2.4624,NaN,NaN,NaN,NaN,0.9396,1.1016,NaN,NaN,NaN,NaN,NaN,1.9764,NaN,0.8424
NaN,NaN,NaN,NaN,NaN,NaN,NaN,NaN,NaN,NaN,NaN,NaN,NaN,NaN,NaN,NaN,NaN,2.4948,1.296,0.7776,1.5228,NaN,NaN,NaN,NaN,NaN,NaN,1.8468,2.3328,1.1988,NaN,NaN,NaN,NaN,NaN,2.43,1.2636,1.1988,NaN,2.4948,NaN,NaN,NaN,NaN,3.1428,NaN,2.4624,NaN,3.9852,NaN
NaN,NaN,NaN,NaN,NaN,NaN,NaN,NaN,NaN,NaN,NaN,NaN,NaN,NaN,NaN,NaN,NaN,1.2636,1.0368,0.8424,NaN,0.81,0.8748,NaN,NaN,NaN,NaN,NaN,NaN,NaN,NaN,NaN,NaN,NaN,NaN,NaN,NaN,NaN,NaN,NaN,NaN,NaN,NaN,NaN,NaN,NaN,NaN,NaN,NaN,NaN
NaN,NaN,NaN,NaN,NaN,NaN,NaN,NaN,NaN,NaN,NaN,NaN,NaN,NaN,NaN,NaN,NaN,1.8792,NaN,NaN,NaN,NaN,NaN,NaN,2.9484,4.5684,4.4712,NaN,NaN,5.346,NaN,NaN,NaN,5.022,NaN,4.374,NaN,4.3416,NaN,3.3372,3.7584,NaN,NaN,3.5316,NaN,NaN,2.3976,3.3048,NaN,1.134
NaN,NaN,NaN,NaN,NaN,NaN,NaN,NaN,NaN,NaN,NaN,NaN,NaN,NaN,NaN,NaN,NaN,0.7452,NaN,NaN,NaN,NaN,0.7776,NaN,0.81,NaN,NaN,NaN,NaN,NaN,NaN,NaN,0.7452,NaN,0.81,NaN,1.2636,0.8748,0.9072,NaN,NaN,1.2312,NaN,0.7452,0.81,NaN,NaN,NaN,0.8748,NaN
NaN,NaN,NaN,NaN,NaN,NaN,NaN,NaN,NaN,NaN,NaN,NaN,NaN,NaN,NaN,NaN,NaN,NaN,0.7776,NaN,NaN,NaN,NaN,NaN,NaN,NaN,NaN,NaN,NaN,0.7776,0.7776,NaN,NaN,NaN,NaN,NaN,NaN,NaN,NaN,NaN,NaN,NaN,NaN,NaN,NaN,NaN,1.134,NaN,1.7172,NaN
NaN,NaN,NaN,NaN,NaN,NaN,NaN,NaN,NaN,NaN,NaN,NaN,NaN,NaN,NaN,NaN,NaN,NaN,4.05,NaN,4.6008,NaN,NaN,3.564,2.6244,NaN,4.4388,NaN,3.888,4.6008,4.374,4.8276,4.6008,NaN,3.7584,4.6656,4.698,3.3696,3.8232,4.9896,2.0412,2.4948,NaN,2.1708,4.374,3.7584,NaN,2.0412,5.0544,NaN
NaN,NaN,NaN,NaN,NaN,NaN,NaN,NaN,NaN,NaN,NaN,NaN,NaN,NaN,NaN,NaN,NaN,NaN,0.9396,NaN,0.81,0.7776,0.9072,NaN,0.9072,NaN,NaN,1.0368,NaN,NaN,1.0692,1.0368,0.972,1.62,NaN,0.81,1.296,0.7776,1.1988,1.4904,1.1016,1.2636,1.4256,1.5552,1.4256,1.1988,1.782,1.3284,0.972,1.5552
NaN,NaN,NaN,NaN,NaN,NaN,NaN,NaN,NaN,NaN,NaN,NaN,NaN,NaN,NaN,NaN,NaN,NaN,2.754,NaN,2.2032,2.43,3.6288,2.8836,2.592,2.8836,3.078,2.4624,2.3652,2.592,2.2032,2.4624,2.7864,2.6568,2.3976,2.3652,3.1752,2.4624,3.4344,4.4064,2.4948,2.8836,2.592,1.7172,3.0456,1.0368,NaN,NaN,NaN,NaN
NaN,NaN,NaN,NaN,NaN,NaN,NaN,NaN,NaN,NaN,NaN,NaN,NaN,NaN,NaN,NaN,NaN,NaN,NaN,2.0736,NaN,3.1428,1.6524,NaN,NaN,0.9396,NaN,NaN,NaN,NaN,NaN,NaN,NaN,NaN,NaN,NaN,NaN,NaN,NaN,NaN,NaN,NaN,NaN,NaN,NaN,NaN,NaN,NaN,NaN,NaN
NaN,NaN,NaN,NaN,NaN,NaN,NaN,NaN,NaN,NaN,NaN,NaN,NaN,NaN,NaN,NaN,NaN,NaN,NaN,0.9396,NaN,NaN,NaN,NaN,NaN,NaN,NaN,NaN,1.134,NaN,NaN,NaN,NaN,NaN,NaN,NaN,NaN,NaN,NaN,NaN,NaN,NaN,NaN,NaN,NaN,NaN,NaN,NaN,NaN,NaN
NaN,NaN,NaN,NaN,NaN,NaN,NaN,NaN,NaN,NaN,NaN,NaN,NaN,NaN,NaN,NaN,NaN,NaN,NaN,NaN,2.268,2.8188,2.4624,1.7496,NaN,1.134,2.5272,1.3284,1.3284,2.8512,2.8836,1.9764,1.458,2.3652,2.6244,2.9808,2.4624,2.7216,NaN,2.3004,2.268,2.2032,1.944,1.4256,2.5272,NaN,2.5272,1.5876,NaN,2.2032
NaN,NaN,NaN,NaN,NaN,NaN,NaN,NaN,NaN,NaN,NaN,NaN,NaN,NaN,NaN,NaN,NaN,NaN,NaN,NaN,2.4948,1.8144,NaN,NaN,3.5964,2.7864,NaN,NaN,1.8468,1.5228,NaN,2.592,NaN,5.3784,2.5272,2.8836,NaN,2.1384,2.43,2.6892,1.782,3.8232,4.0176,2.3328,2.6892,NaN,NaN,2.754,3.6936,1.62
NaN,NaN,NaN,NaN,NaN,NaN,NaN,NaN,NaN,NaN,NaN,NaN,NaN,NaN,NaN,NaN,NaN,NaN,NaN,NaN,0.7452,0.7776,NaN,0.81,NaN,NaN,1.0044,NaN,NaN,NaN,NaN,0.7452,NaN,NaN,NaN,0.81,1.1988,NaN,NaN,1.0368,NaN,NaN,0.9396,NaN,0.9396,NaN,1.134,NaN,NaN,NaN
NaN,NaN,NaN,NaN,NaN,NaN,NaN,NaN,NaN,NaN,NaN,NaN,NaN,NaN,NaN,NaN,NaN,NaN,NaN,NaN,NaN,0.972,NaN,NaN,NaN,1.6524,NaN,NaN,NaN,NaN,NaN,NaN,NaN,2.0088,NaN,NaN,NaN,NaN,NaN,NaN,NaN,0.7452,NaN,1.0044,1.782,NaN,NaN,NaN,NaN,NaN
NaN,NaN,NaN,NaN,NaN,NaN,NaN,NaN,NaN,NaN,NaN,NaN,NaN,NaN,NaN,NaN,NaN,NaN,NaN,NaN,NaN,0.81,NaN,0.972,1.1664,NaN,1.1664,NaN,0.7776,NaN,NaN,1.1664,NaN,NaN,0.7452,1.0044,NaN,0.972,0.972,0.7776,NaN,NaN,NaN,1.0692,NaN,1.134,0.8748,NaN,NaN,0.7776
NaN,NaN,NaN,NaN,NaN,NaN,NaN,NaN,NaN,NaN,NaN,NaN,NaN,NaN,NaN,NaN,NaN,NaN,NaN,NaN,NaN,2.9808,3.0132,NaN,NaN,4.374,5.0868,3.8556,2.7216,4.4064,2.9484,NaN,NaN,4.7628,4.3092,4.3092,4.5684,NaN,4.374,4.212,4.1796,4.1472,4.7952,NaN,3.726,NaN,4.5684,4.374,4.05,4.212
NaN,NaN,NaN,NaN,NaN,NaN,NaN,NaN,NaN,NaN,NaN,NaN,NaN,NaN,NaN,NaN,NaN,NaN,NaN,NaN,NaN,NaN,0.7452,NaN,1.1664,NaN,0.7776,0.81,0.7776,NaN,0.7452,0.7776,NaN,0.7776,0.9072,NaN,0.7452,0.972,NaN,NaN,NaN,NaN,0.8748,NaN,0.7776,0.7776,0.7452,NaN,0.81,0.9396
NaN,NaN,NaN,NaN,NaN,NaN,NaN,NaN,NaN,NaN,NaN,NaN,NaN,NaN,NaN,NaN,NaN,NaN,NaN,NaN,NaN,NaN,NaN,0.7776,NaN,0.7776,0.81,NaN,0.7452,NaN,NaN,NaN,NaN,NaN,NaN,NaN,NaN,NaN,NaN,NaN,NaN,NaN,NaN,NaN,NaN,NaN,NaN,NaN,NaN,NaN
NaN,NaN,NaN,NaN,NaN,NaN,NaN,NaN,NaN,NaN,NaN,NaN,NaN,NaN,NaN,NaN,NaN,NaN,NaN,NaN,NaN,NaN,NaN,2.3328,NaN,NaN,NaN,NaN,NaN,NaN,NaN,NaN,NaN,NaN,NaN,NaN,4.9572,NaN,NaN,NaN,NaN,NaN,NaN,NaN,NaN,6.1236,5.1516,NaN,NaN,NaN
NaN,NaN,NaN,NaN,NaN,NaN,NaN,NaN,NaN,NaN,NaN,NaN,NaN,NaN,NaN,NaN,NaN,NaN,NaN,NaN,NaN,NaN,NaN,0.8424,NaN,2.7864,NaN,NaN,NaN,NaN,NaN,0.9396,NaN,1.3608,NaN,0.9072,NaN,NaN,NaN,1.458,NaN,NaN,NaN,NaN,NaN,NaN,NaN,NaN,NaN,NaN
NaN,NaN,NaN,NaN,NaN,NaN,NaN,NaN,NaN,NaN,NaN,NaN,NaN,NaN,NaN,NaN,NaN,NaN,NaN,NaN,NaN,NaN,NaN,0.7776,NaN,NaN,NaN,NaN,NaN,NaN,NaN,NaN,NaN,NaN,NaN,NaN,0.8424,NaN,NaN,NaN,NaN,0.7452,NaN,NaN,NaN,NaN,NaN,NaN,NaN,NaN
NaN,NaN,NaN,NaN,NaN,NaN,NaN,NaN,NaN,NaN,NaN,NaN,NaN,NaN,NaN,NaN,NaN,NaN,NaN,NaN,NaN,NaN,NaN,NaN,1.3284,NaN,NaN,NaN,NaN,NaN,0.9072,NaN,NaN,NaN,NaN,NaN,NaN,NaN,NaN,NaN,NaN,NaN,NaN,1.2312,NaN,NaN,NaN,NaN,NaN,0.9072
NaN,NaN,NaN,NaN,NaN,NaN,NaN,NaN,NaN,NaN,NaN,NaN,NaN,NaN,NaN,NaN,NaN,NaN,NaN,NaN,NaN,NaN,NaN,NaN,0.972,NaN,1.0368,0.8748,1.1016,NaN,1.1988,NaN,1.2312,NaN,NaN,NaN,NaN,NaN,0.8748,NaN,1.0692,NaN,1.458,0.81,0.81,0.8748,1.296,0.9396,NaN,NaN
NaN,NaN,NaN,NaN,NaN,NaN,NaN,NaN,NaN,NaN,NaN,NaN,NaN,NaN,NaN,NaN,NaN,NaN,NaN,NaN,NaN,NaN,NaN,NaN,2.3652,NaN,NaN,NaN,NaN,NaN,NaN,2.43,3.2724,NaN,NaN,NaN,NaN,2.3328,NaN,NaN,NaN,NaN,NaN,2.2356,NaN,2.1708,NaN,NaN,NaN,NaN
NaN,NaN,NaN,NaN,NaN,NaN,NaN,NaN,NaN,NaN,NaN,NaN,NaN,NaN,NaN,NaN,NaN,NaN,NaN,NaN,NaN,NaN,NaN,NaN,3.6936,NaN,NaN,NaN,NaN,NaN,NaN,1.5552,NaN,NaN,NaN,NaN,NaN,NaN,NaN,NaN,NaN,NaN,NaN,NaN,NaN,NaN,NaN,NaN,NaN,NaN
NaN,NaN,NaN,NaN,NaN,NaN,NaN,NaN,NaN,NaN,NaN,NaN,NaN,NaN,NaN,NaN,NaN,NaN,NaN,NaN,NaN,NaN,NaN,NaN,1.5876,NaN,NaN,0.81,NaN,1.9764,1.458,1.782,1.0692,1.0044,NaN,1.3284,1.1988,1.2312,NaN,NaN,NaN,NaN,NaN,NaN,NaN,NaN,NaN,NaN,1.0368,NaN
NaN,NaN,NaN,NaN,NaN,NaN,NaN,NaN,NaN,NaN,NaN,NaN,NaN,NaN,NaN,NaN,NaN,NaN,NaN,NaN,NaN,NaN,NaN,NaN,NaN,3.1428,3.1428,NaN,NaN,2.3976,1.7172,NaN,NaN,1.3932,NaN,NaN,2.7216,NaN,1.2636,NaN,1.3284,1.0044,1.62,NaN,NaN,NaN,2.6568,NaN,0.8748,1.7172
NaN,NaN,NaN,NaN,NaN,NaN,NaN,NaN,NaN,NaN,NaN,NaN,NaN,NaN,NaN,NaN,NaN,NaN,NaN,NaN,NaN,NaN,NaN,NaN,NaN,0.9072,NaN,0.7452,NaN,NaN,NaN,NaN,NaN,NaN,NaN,1.3932,NaN,0.7776,NaN,1.9116,NaN,NaN,NaN,NaN,NaN,NaN,NaN,NaN,NaN,NaN
NaN,NaN,NaN,NaN,NaN,NaN,NaN,NaN,NaN,NaN,NaN,NaN,NaN,NaN,NaN,NaN,NaN,NaN,NaN,NaN,NaN,NaN,NaN,NaN,NaN,0.7452,NaN,NaN,NaN,NaN,NaN,NaN,NaN,0.7452,NaN,NaN,NaN,NaN,NaN,NaN,NaN,NaN,NaN,NaN,NaN,NaN,NaN,NaN,NaN,NaN
NaN,NaN,NaN,NaN,NaN,NaN,NaN,NaN,NaN,NaN,NaN,NaN,NaN,NaN,NaN,NaN,NaN,NaN,NaN,NaN,NaN,NaN,NaN,NaN,NaN,6.0912,NaN,NaN,1.5876,NaN,3.7584,NaN,NaN,3.9852,NaN,NaN,5.5728,NaN,NaN,NaN,NaN,NaN,5.2164,NaN,NaN,NaN,NaN,NaN,NaN,NaN
NaN,NaN,NaN,NaN,NaN,NaN,NaN,NaN,NaN,NaN,NaN,NaN,NaN,NaN,NaN,NaN,NaN,NaN,NaN,NaN,NaN,NaN,NaN,NaN,NaN,NaN,6.642,NaN,NaN,NaN,NaN,7.8408,6.7392,NaN,NaN,7.7436,7.2252,NaN,6.2532,NaN,6.3828,NaN,NaN,6.5448,6.9012,NaN,NaN,NaN,8.262,NaN
NaN,NaN,NaN,NaN,NaN,NaN,NaN,NaN,NaN,NaN,NaN,NaN,NaN,NaN,NaN,NaN,NaN,NaN,NaN,NaN,NaN,NaN,NaN,NaN,NaN,NaN,2.9808,NaN,NaN,3.3048,NaN,NaN,NaN,NaN,NaN,NaN,NaN,NaN,NaN,NaN,NaN,NaN,1.8468,NaN,NaN,2.7864,NaN,1.3932,NaN,NaN
NaN,NaN,NaN,NaN,NaN,NaN,NaN,NaN,NaN,NaN,NaN,NaN,NaN,NaN,NaN,NaN,NaN,NaN,NaN,NaN,NaN,NaN,NaN,NaN,NaN,NaN,0.7452,NaN,NaN,NaN,NaN,1.7172,0.8424,NaN,NaN,0.81,NaN,NaN,NaN,NaN,NaN,0.8748,0.7452,0.9396,NaN,NaN,NaN,NaN,NaN,NaN
NaN,NaN,NaN,NaN,NaN,NaN,NaN,NaN,NaN,NaN,NaN,NaN,NaN,NaN,NaN,NaN,NaN,NaN,NaN,NaN,NaN,NaN,NaN,NaN,NaN,NaN,2.9808,1.5228,0.9396,1.8144,NaN,NaN,NaN,3.1104,2.9808,NaN,NaN,1.8468,NaN,NaN,1.62,NaN,NaN,NaN,NaN,NaN,NaN,NaN,NaN,NaN
NaN,NaN,NaN,NaN,NaN,NaN,NaN,NaN,NaN,NaN,NaN,NaN,NaN,NaN,NaN,NaN,NaN,NaN,NaN,NaN,NaN,NaN,NaN,NaN,NaN,NaN,NaN,1.8468,NaN,NaN,0.9396,1.2312,NaN,NaN,NaN,NaN,1.3932,0.972,1.0692,1.8468,NaN,NaN,1.1988,NaN,NaN,NaN,NaN,NaN,1.2312,NaN
NaN,NaN,NaN,NaN,NaN,NaN,NaN,NaN,NaN,NaN,NaN,NaN,NaN,NaN,NaN,NaN,NaN,NaN,NaN,NaN,NaN,NaN,NaN,NaN,NaN,NaN,NaN,3.3048,NaN,NaN,NaN,NaN,2.9808,NaN,2.916,1.6848,NaN,3.564,1.9764,1.6848,1.0692,1.3932,NaN,NaN,1.944,NaN,0.9396,NaN,NaN,NaN
NaN,NaN,NaN,NaN,NaN,NaN,NaN,NaN,NaN,NaN,NaN,NaN,NaN,NaN,NaN,NaN,NaN,NaN,NaN,NaN,NaN,NaN,NaN,NaN,NaN,NaN,NaN,0.972,0.7776,NaN,NaN,NaN,0.7452,NaN,1.2636,NaN,NaN,NaN,NaN,1.8144,NaN,NaN,3.7584,2.5596,2.1384,NaN,NaN,NaN,3.078,0.8748
NaN,NaN,NaN,NaN,NaN,NaN,NaN,NaN,NaN,NaN,NaN,NaN,NaN,NaN,NaN,NaN,NaN,NaN,NaN,NaN,NaN,NaN,NaN,NaN,NaN,NaN,NaN,NaN,0.8424,NaN,NaN,NaN,0.8748,NaN,NaN,NaN,NaN,NaN,NaN,NaN,1.4904,NaN,1.1988,NaN,NaN,NaN,NaN,NaN,1.5228,NaN
NaN,NaN,NaN,NaN,NaN,NaN,NaN,NaN,NaN,NaN,NaN,NaN,NaN,NaN,NaN,NaN,NaN,NaN,NaN,NaN,NaN,NaN,NaN,NaN,NaN,NaN,NaN,NaN,1.4904,1.458,NaN,1.9116,NaN,1.0692,0.8424,1.2636,NaN,1.5552,NaN,NaN,NaN,NaN,0.8424,NaN,1.2312,NaN,NaN,NaN,NaN,0.8424
NaN,NaN,NaN,NaN,NaN,NaN,NaN,NaN,NaN,NaN,NaN,NaN,NaN,NaN,NaN,NaN,NaN,NaN,NaN,NaN,NaN,NaN,NaN,NaN,NaN,NaN,NaN,NaN,2.9484,NaN,NaN,NaN,NaN,NaN,2.8836,NaN,NaN,NaN,NaN,NaN,NaN,NaN,NaN,NaN,NaN,NaN,1.1664,NaN,NaN,NaN
NaN,NaN,NaN,NaN,NaN,NaN,NaN,NaN,NaN,NaN,NaN,NaN,NaN,NaN,NaN,NaN,NaN,NaN,NaN,NaN,NaN,NaN,NaN,NaN,NaN,NaN,NaN,NaN,1.2636,NaN,1.3284,NaN,1.6524,NaN,NaN,NaN,NaN,0.9072,NaN,NaN,NaN,NaN,1.0368,1.134,NaN,NaN,0.8424,0.81,NaN,0.8748
NaN,NaN,NaN,NaN,NaN,NaN,NaN,NaN,NaN,NaN,NaN,NaN,NaN,NaN,NaN,NaN,NaN,NaN,NaN,NaN,NaN,NaN,NaN,NaN,NaN,NaN,NaN,NaN,0.7776,NaN,NaN,NaN,NaN,NaN,NaN,NaN,NaN,NaN,NaN,NaN,NaN,NaN,NaN,NaN,NaN,NaN,NaN,0.9072,NaN,NaN
NaN,NaN,NaN,NaN,NaN,NaN,NaN,NaN,NaN,NaN,NaN,NaN,NaN,NaN,NaN,NaN,NaN,NaN,NaN,NaN,NaN,NaN,NaN,NaN,NaN,NaN,NaN,NaN,NaN,8.2944,NaN,1.2636,NaN,NaN,1.296,NaN,NaN,NaN,NaN,1.0368,NaN,1.7172,NaN,2.268,NaN,NaN,NaN,NaN,NaN,1.296
NaN,NaN,NaN,NaN,NaN,NaN,NaN,NaN,NaN,NaN,NaN,NaN,NaN,NaN,NaN,NaN,NaN,NaN,NaN,NaN,NaN,NaN,NaN,NaN,NaN,NaN,NaN,NaN,NaN,6.2532,NaN,NaN,NaN,7.8408,NaN,7.4844,NaN,NaN,7.5492,NaN,7.0632,NaN,7.6464,NaN,5.0544,8.0352,NaN,6.6744,NaN,6.318
NaN,NaN,NaN,NaN,NaN,NaN,NaN,NaN,NaN,NaN,NaN,NaN,NaN,NaN,NaN,NaN,NaN,NaN,NaN,NaN,NaN,NaN,NaN,NaN,NaN,NaN,NaN,NaN,NaN,3.0132,NaN,NaN,NaN,2.6568,NaN,NaN,NaN,3.7908,2.592,4.0176,4.1472,4.1148,3.8556,3.8232,2.592,4.6656,3.4668,NaN,3.4992,1.9764
NaN,NaN,NaN,NaN,NaN,NaN,NaN,NaN,NaN,NaN,NaN,NaN,NaN,NaN,NaN,NaN,NaN,NaN,NaN,NaN,NaN,NaN,NaN,NaN,NaN,NaN,NaN,NaN,NaN,1.458,1.3284,2.0412,1.9764,2.5596,1.0044,0.9396,NaN,1.62,1.1664,1.0368,1.134,1.5552,1.5552,1.3608,NaN,1.458,1.0044,1.0692,NaN,1.2636
NaN,NaN,NaN,NaN,NaN,NaN,NaN,NaN,NaN,NaN,NaN,NaN,NaN,NaN,NaN,NaN,NaN,NaN,NaN,NaN,NaN,NaN,NaN,NaN,NaN,NaN,NaN,NaN,NaN,NaN,1.134,NaN,NaN,NaN,NaN,NaN,NaN,0.9396,NaN,1.3932,NaN,NaN,NaN,NaN,NaN,1.3608,NaN,1.0692,1.1664,0.9072
NaN,NaN,NaN,NaN,NaN,NaN,NaN,NaN,NaN,NaN,NaN,NaN,NaN,NaN,NaN,NaN,NaN,NaN,NaN,NaN,NaN,NaN,NaN,NaN,NaN,NaN,NaN,NaN,NaN,NaN,2.3328,NaN,NaN,NaN,NaN,2.268,NaN,NaN,NaN,NaN,1.782,NaN,NaN,NaN,NaN,NaN,NaN,NaN,NaN,NaN
NaN,NaN,NaN,NaN,NaN,NaN,NaN,NaN,NaN,NaN,NaN,NaN,NaN,NaN,NaN,NaN,NaN,NaN,NaN,NaN,NaN,NaN,NaN,NaN,NaN,NaN,NaN,NaN,NaN,NaN,9.9468,NaN,NaN,NaN,3.0456,NaN,NaN,NaN,NaN,NaN,NaN,NaN,NaN,4.3092,NaN,NaN,3.564,NaN,3.3048,NaN
NaN,NaN,NaN,NaN,NaN,NaN,NaN,NaN,NaN,NaN,NaN,NaN,NaN,NaN,NaN,NaN,NaN,NaN,NaN,NaN,NaN,NaN,NaN,NaN,NaN,NaN,NaN,NaN,NaN,NaN,NaN,3.1752,NaN,NaN,NaN,NaN,NaN,NaN,NaN,NaN,NaN,NaN,NaN,NaN,NaN,2.106,NaN,NaN,NaN,1.1016
NaN,NaN,NaN,NaN,NaN,NaN,NaN,NaN,NaN,NaN,NaN,NaN,NaN,NaN,NaN,NaN,NaN,NaN,NaN,NaN,NaN,NaN,NaN,NaN,NaN,NaN,NaN,NaN,NaN,NaN,NaN,3.4344,NaN,NaN,NaN,NaN,NaN,NaN,NaN,4.1148,NaN,1.6524,NaN,NaN,NaN,NaN,NaN,2.916,NaN,NaN
NaN,NaN,NaN,NaN,NaN,NaN,NaN,NaN,NaN,NaN,NaN,NaN,NaN,NaN,NaN,NaN,NaN,NaN,NaN,NaN,NaN,NaN,NaN,NaN,NaN,NaN,NaN,NaN,NaN,NaN,NaN,0.9396,NaN,NaN,0.7452,0.972,NaN,NaN,NaN,NaN,NaN,NaN,NaN,NaN,NaN,NaN,1.1988,NaN,0.972,NaN
NaN,NaN,NaN,NaN,NaN,NaN,NaN,NaN,NaN,NaN,NaN,NaN,NaN,NaN,NaN,NaN,NaN,NaN,NaN,NaN,NaN,NaN,NaN,NaN,NaN,NaN,NaN,NaN,NaN,NaN,NaN,1.62,NaN,NaN,4.7628,4.86,NaN,NaN,NaN,1.3284,NaN,NaN,NaN,NaN,NaN,NaN,NaN,NaN,NaN,NaN
NaN,NaN,NaN,NaN,NaN,NaN,NaN,NaN,NaN,NaN,NaN,NaN,NaN,NaN,NaN,NaN,NaN,NaN,NaN,NaN,NaN,NaN,NaN,NaN,NaN,NaN,NaN,NaN,NaN,NaN,NaN,3.24,1.3284,3.6936,1.782,1.7172,NaN,NaN,1.8144,1.134,NaN,1.0692,2.9484,NaN,2.0736,NaN,1.0368,NaN,NaN,0.81
NaN,NaN,NaN,NaN,NaN,NaN,NaN,NaN,NaN,NaN,NaN,NaN,NaN,NaN,NaN,NaN,NaN,NaN,NaN,NaN,NaN,NaN,NaN,NaN,NaN,NaN,NaN,NaN,NaN,NaN,NaN,0.9072,NaN,1.1016,NaN,NaN,NaN,NaN,NaN,0.9396,NaN,NaN,NaN,NaN,NaN,NaN,NaN,NaN,NaN,NaN
NaN,NaN,NaN,NaN,NaN,NaN,NaN,NaN,NaN,NaN,NaN,NaN,NaN,NaN,NaN,NaN,NaN,NaN,NaN,NaN,NaN,NaN,NaN,NaN,NaN,NaN,NaN,NaN,NaN,NaN,NaN,NaN,5.0544,NaN,NaN,NaN,NaN,NaN,NaN,NaN,NaN,NaN,4.6656,3.24,NaN,NaN,NaN,NaN,NaN,NaN
NaN,NaN,NaN,NaN,NaN,NaN,NaN,NaN,NaN,NaN,NaN,NaN,NaN,NaN,NaN,NaN,NaN,NaN,NaN,NaN,NaN,NaN,NaN,NaN,NaN,NaN,NaN,NaN,NaN,NaN,NaN,NaN,3.9204,3.5964,NaN,NaN,3.5316,NaN,NaN,NaN,3.24,NaN,2.6892,2.592,4.2444,NaN,0.7776,NaN,NaN,NaN
NaN,NaN,NaN,NaN,NaN,NaN,NaN,NaN,NaN,NaN,NaN,NaN,NaN,NaN,NaN,NaN,NaN,NaN,NaN,NaN,NaN,NaN,NaN,NaN,NaN,NaN,NaN,NaN,NaN,NaN,NaN,NaN,0.8748,1.1988,0.7776,NaN,0.81,NaN,0.81,0.7776,NaN,NaN,NaN,NaN,NaN,NaN,NaN,NaN,NaN,NaN
NaN,NaN,NaN,NaN,NaN,NaN,NaN,NaN,NaN,NaN,NaN,NaN,NaN,NaN,NaN,NaN,NaN,NaN,NaN,NaN,NaN,NaN,NaN,NaN,NaN,NaN,NaN,NaN,NaN,NaN,NaN,NaN,NaN,4.9896,NaN,NaN,NaN,2.9808,1.8792,NaN,NaN,NaN,NaN,NaN,NaN,NaN,NaN,NaN,NaN,NaN
NaN,NaN,NaN,NaN,NaN,NaN,NaN,NaN,NaN,NaN,NaN,NaN,NaN,NaN,NaN,NaN,NaN,NaN,NaN,NaN,NaN,NaN,NaN,NaN,NaN,NaN,NaN,NaN,NaN,NaN,NaN,NaN,NaN,2.3328,NaN,2.3328,NaN,NaN,NaN,NaN,NaN,NaN,NaN,NaN,NaN,NaN,NaN,NaN,NaN,NaN
NaN,NaN,NaN,NaN,NaN,NaN,NaN,NaN,NaN,NaN,NaN,NaN,NaN,NaN,NaN,NaN,NaN,NaN,NaN,NaN,NaN,NaN,NaN,NaN,NaN,NaN,NaN,NaN,NaN,NaN,NaN,NaN,NaN,NaN,7.5168,6.4476,7.29,7.2252,7.452,7.3548,6.7068,7.2252,7.1604,7.1928,7.1604,7.3872,7.0632,7.2252,7.5492,6.8364
NaN,NaN,NaN,NaN,NaN,NaN,NaN,NaN,NaN,NaN,NaN,NaN,NaN,NaN,NaN,NaN,NaN,NaN,NaN,NaN,NaN,NaN,NaN,NaN,NaN,NaN,NaN,NaN,NaN,NaN,NaN,NaN,NaN,NaN,13.3812,NaN,NaN,12.15,NaN,NaN,NaN,NaN,NaN,NaN,NaN,NaN,NaN,NaN,NaN,NaN
NaN,NaN,NaN,NaN,NaN,NaN,NaN,NaN,NaN,NaN,NaN,NaN,NaN,NaN,NaN,NaN,NaN,NaN,NaN,NaN,NaN,NaN,NaN,NaN,NaN,NaN,NaN,NaN,NaN,NaN,NaN,NaN,NaN,NaN,0.7776,NaN,NaN,0.7452,NaN,NaN,NaN,NaN,0.972,0.9072,1.1016,1.0692,1.5228,NaN,1.7172,0.8748
NaN,NaN,NaN,NaN,NaN,NaN,NaN,NaN,NaN,NaN,NaN,NaN,NaN,NaN,NaN,NaN,NaN,NaN,NaN,NaN,NaN,NaN,NaN,NaN,NaN,NaN,NaN,NaN,NaN,NaN,NaN,NaN,NaN,NaN,1.9116,NaN,2.4948,3.1752,NaN,NaN,NaN,1.9764,1.1664,1.458,1.3284,1.7496,1.4904,NaN,NaN,1.7496
NaN,NaN,NaN,NaN,NaN,NaN,NaN,NaN,NaN,NaN,NaN,NaN,NaN,NaN,NaN,NaN,NaN,NaN,NaN,NaN,NaN,NaN,NaN,NaN,NaN,NaN,NaN,NaN,NaN,NaN,NaN,NaN,NaN,NaN,NaN,1.5228,0.81,NaN,NaN,NaN,NaN,NaN,0.7776,NaN,NaN,NaN,NaN,NaN,NaN,NaN
NaN,NaN,NaN,NaN,NaN,NaN,NaN,NaN,NaN,NaN,NaN,NaN,NaN,NaN,NaN,NaN,NaN,NaN,NaN,NaN,NaN,NaN,NaN,NaN,NaN,NaN,NaN,NaN,NaN,NaN,NaN,NaN,NaN,NaN,NaN,1.2312,0.8748,NaN,1.0368,NaN,1.1016,1.2636,1.134,1.0692,NaN,0.972,NaN,NaN,NaN,NaN
NaN,NaN,NaN,NaN,NaN,NaN,NaN,NaN,NaN,NaN,NaN,NaN,NaN,NaN,NaN,NaN,NaN,NaN,NaN,NaN,NaN,NaN,NaN,NaN,NaN,NaN,NaN,NaN,NaN,NaN,NaN,NaN,NaN,NaN,NaN,NaN,3.8232,NaN,NaN,NaN,NaN,4.0176,NaN,NaN,NaN,NaN,NaN,NaN,NaN,NaN
NaN,NaN,NaN,NaN,NaN,NaN,NaN,NaN,NaN,NaN,NaN,NaN,NaN,NaN,NaN,NaN,NaN,NaN,NaN,NaN,NaN,NaN,NaN,NaN,NaN,NaN,NaN,NaN,NaN,NaN,NaN,NaN,NaN,NaN,NaN,NaN,0.8424,NaN,NaN,0.9072,0.8748,0.81,NaN,NaN,1.1664,NaN,NaN,NaN,NaN,NaN
NaN,NaN,NaN,NaN,NaN,NaN,NaN,NaN,NaN,NaN,NaN,NaN,NaN,NaN,NaN,NaN,NaN,NaN,NaN,NaN,NaN,NaN,NaN,NaN,NaN,NaN,NaN,NaN,NaN,NaN,NaN,NaN,NaN,NaN,NaN,NaN,NaN,0.972,NaN,NaN,NaN,NaN,0.81,NaN,NaN,NaN,NaN,NaN,NaN,0.7452
NaN,NaN,NaN,NaN,NaN,NaN,NaN,NaN,NaN,NaN,NaN,NaN,NaN,NaN,NaN,NaN,NaN,NaN,NaN,NaN,NaN,NaN,NaN,NaN,NaN,NaN,NaN,NaN,NaN,NaN,NaN,NaN,NaN,NaN,NaN,NaN,NaN,NaN,1.3932,3.0132,2.3328,NaN,NaN,NaN,2.4948,3.1428,NaN,NaN,NaN,NaN
NaN,NaN,NaN,NaN,NaN,NaN,NaN,NaN,NaN,NaN,NaN,NaN,NaN,NaN,NaN,NaN,NaN,NaN,NaN,NaN,NaN,NaN,NaN,NaN,NaN,NaN,NaN,NaN,NaN,NaN,NaN,NaN,NaN,NaN,NaN,NaN,NaN,NaN,0.7776,NaN,NaN,NaN,0.8748,NaN,NaN,NaN,NaN,NaN,NaN,NaN
NaN,NaN,NaN,NaN,NaN,NaN,NaN,NaN,NaN,NaN,NaN,NaN,NaN,NaN,NaN,NaN,NaN,NaN,NaN,NaN,NaN,NaN,NaN,NaN,NaN,NaN,NaN,NaN,NaN,NaN,NaN,NaN,NaN,NaN,NaN,NaN,NaN,NaN,NaN,4.1148,NaN,3.2076,NaN,NaN,NaN,3.8556,NaN,4.0824,2.754,3.1428
NaN,NaN,NaN,NaN,NaN,NaN,NaN,NaN,NaN,NaN,NaN,NaN,NaN,NaN,NaN,NaN,NaN,NaN,NaN,NaN,NaN,NaN,NaN,NaN,NaN,NaN,NaN,NaN,NaN,NaN,NaN,NaN,NaN,NaN,NaN,NaN,NaN,NaN,NaN,1.9764,1.3608,1.0044,NaN,NaN,0.9396,NaN,NaN,0.7776,NaN,NaN
NaN,NaN,NaN,NaN,NaN,NaN,NaN,NaN,NaN,NaN,NaN,NaN,NaN,NaN,NaN,NaN,NaN,NaN,NaN,NaN,NaN,NaN,NaN,NaN,NaN,NaN,NaN,NaN,NaN,NaN,NaN,NaN,NaN,NaN,NaN,NaN,NaN,NaN,NaN,NaN,NaN,1.0692,0.972,1.2312,1.1988,1.5876,1.4904,1.1664,1.458,1.134
NaN,NaN,NaN,NaN,NaN,NaN,NaN,NaN,NaN,NaN,NaN,NaN,NaN,NaN,NaN,NaN,NaN,NaN,NaN,NaN,NaN,NaN,NaN,NaN,NaN,NaN,NaN,NaN,NaN,NaN,NaN,NaN,NaN,NaN,NaN,NaN,NaN,NaN,NaN,NaN,NaN,0.9072,NaN,NaN,NaN,0.8748,NaN,NaN,NaN,NaN
NaN,NaN,NaN,NaN,NaN,NaN,NaN,NaN,NaN,NaN,NaN,NaN,NaN,NaN,NaN,NaN,NaN,NaN,NaN,NaN,NaN,NaN,NaN,NaN,NaN,NaN,NaN,NaN,NaN,NaN,NaN,NaN,NaN,NaN,NaN,NaN,NaN,NaN,NaN,NaN,NaN,NaN,1.0044,2.0736,NaN,NaN,NaN,NaN,1.944,NaN
NaN,NaN,NaN,NaN,NaN,NaN,NaN,NaN,NaN,NaN,NaN,NaN,NaN,NaN,NaN,NaN,NaN,NaN,NaN,NaN,NaN,NaN,NaN,NaN,NaN,NaN,NaN,NaN,NaN,NaN,NaN,NaN,NaN,NaN,NaN,NaN,NaN,NaN,NaN,NaN,NaN,NaN,3.1428,1.8144,NaN,2.9484,NaN,NaN,2.7864,NaN
NaN,NaN,NaN,NaN,NaN,NaN,NaN,NaN,NaN,NaN,NaN,NaN,NaN,NaN,NaN,NaN,NaN,NaN,NaN,NaN,NaN,NaN,NaN,NaN,NaN,NaN,NaN,NaN,NaN,NaN,NaN,NaN,NaN,NaN,NaN,NaN,NaN,NaN,NaN,NaN,NaN,NaN,1.0044,1.134,1.5228,1.3608,1.1988,NaN,1.134,NaN
NaN,NaN,NaN,NaN,NaN,NaN,NaN,NaN,NaN,NaN,NaN,NaN,NaN,NaN,NaN,NaN,NaN,NaN,NaN,NaN,NaN,NaN,NaN,NaN,NaN,NaN,NaN,NaN,NaN,NaN,NaN,NaN,NaN,NaN,NaN,NaN,NaN,NaN,NaN,NaN,NaN,NaN,NaN,1.1664,NaN,NaN,NaN,NaN,0.9396,NaN
NaN,NaN,NaN,NaN,NaN,NaN,NaN,NaN,NaN,NaN,NaN,NaN,NaN,NaN,NaN,NaN,NaN,NaN,NaN,NaN,NaN,NaN,NaN,NaN,NaN,NaN,NaN,NaN,NaN,NaN,NaN,NaN,NaN,NaN,NaN,NaN,NaN,NaN,NaN,NaN,NaN,NaN,NaN,1.0692,NaN,NaN,NaN,NaN,NaN,0.8424
NaN,NaN,NaN,NaN,NaN,NaN,NaN,NaN,NaN,NaN,NaN,NaN,NaN,NaN,NaN,NaN,NaN,NaN,NaN,NaN,NaN,NaN,NaN,NaN,NaN,NaN,NaN,NaN,NaN,NaN,NaN,NaN,NaN,NaN,NaN,NaN,NaN,NaN,NaN,NaN,NaN,NaN,NaN,0.81,NaN,NaN,NaN,0.8424,NaN,NaN
NaN,NaN,NaN,NaN,NaN,NaN,NaN,NaN,NaN,NaN,NaN,NaN,NaN,NaN,NaN,NaN,NaN,NaN,NaN,NaN,NaN,NaN,NaN,NaN,NaN,NaN,NaN,NaN,NaN,NaN,NaN,NaN,NaN,NaN,NaN,NaN,NaN,NaN,NaN,NaN,NaN,NaN,NaN,2.2356,NaN,1.782,1.7172,NaN,NaN,1.4904
NaN,NaN,NaN,NaN,NaN,NaN,NaN,NaN,NaN,NaN,NaN,NaN,NaN,NaN,NaN,NaN,NaN,NaN,NaN,NaN,NaN,NaN,NaN,NaN,NaN,NaN,NaN,NaN,NaN,NaN,NaN,NaN,NaN,NaN,NaN,NaN,NaN,NaN,NaN,NaN,NaN,NaN,NaN,1.62,2.8836,1.0368,1.3608,NaN,NaN,NaN
NaN,NaN,NaN,NaN,NaN,NaN,NaN,NaN,NaN,NaN,NaN,NaN,NaN,NaN,NaN,NaN,NaN,NaN,NaN,NaN,NaN,NaN,NaN,NaN,NaN,NaN,NaN,NaN,NaN,NaN,NaN,NaN,NaN,NaN,NaN,NaN,NaN,NaN,NaN,NaN,NaN,NaN,NaN,1.3608,2.6892,2.106,2.2356,1.3608,3.1428,2.6568
NaN,NaN,NaN,NaN,NaN,NaN,NaN,NaN,NaN,NaN,NaN,NaN,NaN,NaN,NaN,NaN,NaN,NaN,NaN,NaN,NaN,NaN,NaN,NaN,NaN,NaN,NaN,NaN,NaN,NaN,NaN,NaN,NaN,NaN,NaN,NaN,NaN,NaN,NaN,NaN,NaN,NaN,NaN,2.0736,NaN,NaN,NaN,NaN,1.6848,NaN
NaN,NaN,NaN,NaN,NaN,NaN,NaN,NaN,NaN,NaN,NaN,NaN,NaN,NaN,NaN,NaN,NaN,NaN,NaN,NaN,NaN,NaN,NaN,NaN,NaN,NaN,NaN,NaN,NaN,NaN,NaN,NaN,NaN,NaN,NaN,NaN,NaN,NaN,NaN,NaN,NaN,NaN,NaN,NaN,NaN,2.0412,1.8144,1.9116,3.1752,2.1708
NaN,NaN,NaN,NaN,NaN,NaN,NaN,NaN,NaN,NaN,NaN,NaN,NaN,NaN,NaN,NaN,NaN,NaN,NaN,NaN,NaN,NaN,NaN,NaN,NaN,NaN,NaN,NaN,NaN,NaN,NaN,NaN,NaN,NaN,NaN,NaN,NaN,NaN,NaN,NaN,NaN,NaN,NaN,NaN,NaN,NaN,NaN,3.0132,2.6892,NaN
NaN,NaN,NaN,NaN,NaN,NaN,NaN,NaN,NaN,NaN,NaN,NaN,NaN,NaN,NaN,NaN,NaN,NaN,NaN,NaN,NaN,NaN,NaN,NaN,NaN,NaN,NaN,NaN,NaN,NaN,NaN,NaN,NaN,NaN,NaN,NaN,NaN,NaN,NaN,NaN,NaN,NaN,NaN,NaN,NaN,NaN,NaN,NaN,0.972,0.972
NaN,NaN,NaN,NaN,NaN,NaN,NaN,NaN,NaN,NaN,NaN,NaN,NaN,NaN,NaN,NaN,NaN,NaN,NaN,NaN,NaN,NaN,NaN,NaN,NaN,NaN,NaN,NaN,NaN,NaN,NaN,NaN,NaN,NaN,NaN,NaN,NaN,NaN,NaN,NaN,NaN,NaN,NaN,NaN,NaN,NaN,NaN,NaN,5.7672,3.7908
