1.1664,1.782,0.81,1.3932,1.7172,1.3932,1.5552,1.7496,1.944,1.62,1.1016,1.5552,1.8144,1.782,1.7496,1.4904,1.8144,1.7496,1.4256,NaN,0.8424,1.3608,1.3608,0.9396,1.62,1.4904,1.0692,NaN,1.0368,1.1988,1.5876,1.5228,1.1664,1.1664,1.2312,1.0692,NaN,0.81,0.8748,1.458,1.3932,NaN,NaN,NaN,1.0368,0.9072,NaN,0.7452,0.972,0.81
0.972,NaN,NaN,NaN,NaN,1.296,NaN,NaN,NaN,0.7452,NaN,NaN,0.7452,1.1988,NaN,0.8748,NaN,NaN,NaN,NaN,NaN,NaN,NaN,NaN,NaN,NaN,NaN,NaN,NaN,NaN,NaN,NaN,NaN,NaN,NaN,NaN,NaN,NaN,NaN,NaN,NaN,NaN,NaN,NaN,NaN,NaN,NaN,NaN,NaN,NaN
1.1016,NaN,NaN,NaN,1.2312,NaN,NaN,NaN,NaN,1.134,1.2312,1.3608,1.296,1.458,1.4256,NaN,1.3284,1.3284,1.2312,1.2312,1.296,1.2312,0.972,1.1016,1.0692,1.1988,0.8424,1.1988,0.9396,NaN,NaN,NaN,NaN,NaN,NaN,NaN,NaN,NaN,NaN,NaN,NaN,NaN,NaN,NaN,NaN,NaN,NaN,NaN,NaN,NaN
1.0692,1.9116,NaN,NaN,NaN,NaN,NaN,NaN,NaN,NaN,NaN,NaN,NaN,NaN,NaN,NaN,NaN,NaN,NaN,NaN,NaN,NaN,NaN,NaN,NaN,NaN,NaN,NaN,NaN,NaN,NaN,NaN,NaN,NaN,NaN,NaN,NaN,NaN,NaN,NaN,NaN,NaN,NaN,NaN,NaN,NaN,NaN,NaN,NaN,NaN
1.1664,1.3284,2.1708,2.1708,2.0736,0.9072,NaN,1.134,2.592,2.754,1.0692,NaN,NaN,NaN,NaN,NaN,0.972,1.1988,0.9396,NaN,1.1664,1.5552,1.4256,1.1664,NaN,NaN,0.9072,2.2032,1.0368,1.3284,NaN,1.1988,1.296,1.1988,1.1664,1.3284,1.2312,1.3284,1.296,1.134,1.2312,1.1988,0.972,0.972,1.1016,1.0692,1.458,1.1664,1.0044,0.9072
0.7776,NaN,NaN,NaN,0.7776,NaN,0.81,NaN,0.81,NaN,NaN,NaN,NaN,NaN,NaN,NaN,NaN,NaN,NaN,NaN,NaN,1.0368,NaN,NaN,NaN,NaN,NaN,NaN,0.7776,NaN,NaN,NaN,NaN,NaN,NaN,NaN,NaN,NaN,NaN,NaN,NaN,NaN,NaN,NaN,NaN,NaN,1.0692,1.1988,NaN,1.0044
4.5684,1.6848,3.9852,3.1104,NaN,5.346,2.916,3.1752,2.916,NaN,NaN,2.8188,NaN,2.2356,3.0132,NaN,NaN,2.268,4.698,NaN,NaN,NaN,2.2356,1.9116,1.6848,1.0044,1.8144,NaN,2.3976,NaN,NaN,NaN,NaN,NaN,NaN,NaN,NaN,1.2636,1.296,1.9116,1.458,NaN,NaN,NaN,NaN,NaN,0.8748,NaN,0.972,NaN
3.5316,3.5964,4.3092,4.536,3.9204,1.8792,1.5552,2.0736,1.8792,2.0736,3.4344,2.2032,2.0088,2.2032,4.0176,1.6848,1.9764,3.402,1.8468,3.6288,2.4948,3.2076,4.536,1.944,3.3048,2.3328,2.3976,1.8144,1.7496,4.1472,NaN,NaN,NaN,NaN,NaN,NaN,NaN,3.1428,NaN,NaN,NaN,NaN,NaN,NaN,NaN,NaN,NaN,NaN,NaN,NaN
1.1016,1.0692,1.1016,1.1016,1.0692,0.7776,1.0044,0.9396,0.9396,0.8748,0.9396,0.81,0.972,0.8748,0.7776,0.7452,0.9072,1.0368,0.9396,0.8748,0.7776,0.8424,0.8424,0.7452,NaN,NaN,0.7776,0.8424,0.7452,NaN,NaN,0.81,0.8748,0.7452,NaN,NaN,NaN,NaN,NaN,NaN,NaN,NaN,NaN,NaN,NaN,NaN,NaN,NaN,NaN,NaN
1.8144,NaN,NaN,1.1016,NaN,NaN,0.8424,NaN,NaN,NaN,NaN,NaN,NaN,NaN,0.81,NaN,NaN,NaN,NaN,NaN,NaN,NaN,NaN,NaN,0.7776,NaN,NaN,NaN,1.0692,NaN,1.134,NaN,1.0368,NaN,NaN,NaN,NaN,NaN,NaN,NaN,NaN,NaN,NaN,NaN,NaN,NaN,NaN,NaN,NaN,NaN
7.1928,8.7156,7.776,6.4152,7.0956,7.1604,NaN,6.5772,5.022,6.9012,NaN,NaN,NaN,NaN,6.7068,NaN,NaN,NaN,5.2164,NaN,NaN,NaN,NaN,3.1428,4.2768,3.2724,NaN,NaN,NaN,6.3504,1.7172,NaN,1.8144,1.7172,NaN,1.8468,1.458,NaN,1.5228,1.8144,1.7172,NaN,1.5228,1.3932,1.5228,1.2636,1.458,1.134,NaN,NaN
1.62,2.0412,1.8468,1.7496,1.782,1.7172,1.62,1.9116,1.9764,1.7172,1.6848,1.6524,1.4904,1.5228,1.458,1.62,2.0088,1.6524,1.5876,2.3328,1.4904,1.3284,1.3932,1.7172,1.4904,1.4256,1.5228,1.4256,1.4904,1.5552,1.296,1.458,1.5552,1.5552,1.296,1.3608,1.1664,1.3284,0.972,1.0368,NaN,1.1664,1.1664,1.1016,1.0368,0.972,1.2636,1.134,0.7776,0.8748
0.81,1.1988,1.134,2.7864,NaN,2.2356,2.1708,NaN,NaN,2.3328,1.9116,2.592,NaN,1.8468,2.0736,1.134,2.3652,NaN,NaN,1.9116,2.2356,2.3004,3.3372,NaN,NaN,1.296,1.9116,NaN,3.0456,NaN,1.5552,0.8748,NaN,NaN,NaN,NaN,NaN,1.458,NaN,2.106,1.62,NaN,NaN,0.972,NaN,NaN,NaN,NaN,NaN,NaN
0.972,1.6848,1.9116,NaN,NaN,NaN,NaN,1.134,1.7172,NaN,NaN,NaN,1.4904,NaN,NaN,NaN,NaN,2.0412,0.7452,NaN,NaN,NaN,NaN,1.0044,2.916,0.7776,NaN,NaN,NaN,NaN,NaN,NaN,NaN,NaN,NaN,0.7452,NaN,NaN,NaN,NaN,NaN,2.0736,1.944,NaN,NaN,NaN,NaN,NaN,NaN,1.782
1.7172,1.4904,1.8792,1.6524,1.0044,1.5552,1.5552,1.2312,NaN,NaN,1.3932,NaN,NaN,0.7776,NaN,NaN,NaN,NaN,NaN,NaN,NaN,NaN,NaN,1.134,NaN,NaN,NaN,NaN,NaN,NaN,NaN,0.8424,1.1664,1.3284,1.2312,1.1016,NaN,NaN,NaN,NaN,NaN,NaN,NaN,NaN,NaN,NaN,NaN,NaN,NaN,NaN
1.3608,1.4904,NaN,1.8144,1.3608,1.134,1.0692,0.9396,0.8748,1.1664,1.458,2.6244,1.458,0.7776,0.8424,1.1016,NaN,0.7776,0.8748,0.7776,1.1664,NaN,1.2636,1.0368,0.9072,1.3284,0.8424,NaN,NaN,1.6848,1.7172,1.2312,1.3284,1.5228,1.62,1.296,NaN,1.134,NaN,0.7776,1.1988,NaN,1.0692,NaN,1.3284,2.4624,1.0368,0.972,NaN,1.3284
0.8424,1.8792,0.9072,0.9072,1.134,NaN,NaN,NaN,1.4904,2.106,1.1988,2.0736,1.8468,2.2032,NaN,NaN,NaN,NaN,NaN,NaN,NaN,NaN,NaN,NaN,NaN,NaN,NaN,NaN,NaN,NaN,NaN,NaN,NaN,NaN,NaN,NaN,NaN,NaN,NaN,NaN,NaN,NaN,NaN,NaN,NaN,NaN,NaN,NaN,NaN,NaN
1.2312,1.5552,NaN,1.1664,1.8468,NaN,NaN,NaN,NaN,NaN,NaN,NaN,3.1104,NaN,NaN,NaN,NaN,NaN,NaN,NaN,NaN,1.2636,NaN,0.9072,NaN,NaN,1.0692,NaN,NaN,1.3608,NaN,1.7496,1.782,1.62,1.7496,NaN,NaN,NaN,NaN,2.1708,NaN,1.5228,NaN,1.6524,NaN,NaN,NaN,NaN,NaN,NaN
0.81,NaN,NaN,NaN,0.7452,NaN,0.9396,1.296,NaN,NaN,NaN,0.9072,1.8144,NaN,NaN,NaN,NaN,1.9116,1.2636,1.1988,0.9396,1.0044,0.81,1.5876,1.0692,NaN,NaN,NaN,1.1016,1.0044,NaN,NaN,NaN,NaN,0.7452,0.81,NaN,NaN,0.9396,0.8424,1.7172,1.134,1.8792,1.458,0.7452,NaN,1.0368,0.972,NaN,NaN
1.2636,1.5552,0.9396,1.134,1.6524,1.4904,2.0412,0.8748,1.7172,1.944,1.62,1.0368,1.296,1.5552,1.8468,1.5228,1.5876,1.0692,1.782,1.2636,1.7496,2.7216,2.5596,1.1988,2.1708,2.0088,2.754,2.4948,2.0412,1.6848,0.7452,NaN,NaN,1.5228,2.3652,2.6244,2.0736,NaN,NaN,NaN,2.0736,2.0088,2.3652,2.3004,1.944,NaN,2.0088,1.782,2.1708,2.3328
1.458,NaN,NaN,NaN,NaN,NaN,NaN,NaN,NaN,0.7452,0.7452,NaN,NaN,NaN,NaN,NaN,NaN,NaN,NaN,NaN,NaN,NaN,NaN,NaN,NaN,NaN,NaN,NaN,NaN,NaN,NaN,NaN,NaN,NaN,NaN,NaN,NaN,NaN,NaN,NaN,NaN,NaN,NaN,NaN,NaN,NaN,NaN,NaN,NaN,NaN
1.2636,1.1016,1.1988,1.6524,NaN,NaN,0.972,1.2312,NaN,1.1016,NaN,0.81,0.8424,NaN,NaN,0.8424,0.7452,NaN,NaN,1.1988,NaN,0.8424,NaN,NaN,1.134,NaN,NaN,NaN,NaN,NaN,NaN,NaN,NaN,NaN,NaN,NaN,NaN,NaN,NaN,NaN,NaN,NaN,NaN,NaN,NaN,NaN,NaN,NaN,NaN,NaN
1.1988,NaN,0.972,NaN,NaN,0.81,NaN,0.8424,0.8424,0.7776,0.972,0.8424,NaN,0.972,1.0692,1.0368,NaN,NaN,0.9396,NaN,NaN,NaN,NaN,NaN,NaN,NaN,NaN,NaN,NaN,NaN,NaN,NaN,NaN,NaN,NaN,NaN,NaN,NaN,NaN,NaN,NaN,NaN,NaN,NaN,NaN,NaN,NaN,NaN,NaN,NaN
1.5876,0.9396,NaN,0.81,1.0044,1.3284,1.1016,1.0044,2.0088,2.6244,1.944,2.1384,1.9116,1.62,1.6848,1.2312,1.2636,NaN,0.8748,1.7496,1.458,1.5876,1.62,0.8424,1.3608,1.0692,1.7172,1.7172,1.62,1.9116,2.3004,1.5552,2.592,1.7496,1.3932,1.5552,2.268,NaN,2.106,NaN,1.3284,2.2356,1.944,NaN,0.8748,1.1988,0.8748,NaN,0.9072,1.4256
1.0044,0.81,1.0368,NaN,NaN,1.1988,0.9396,NaN,NaN,NaN,NaN,NaN,NaN,NaN,NaN,NaN,NaN,NaN,NaN,NaN,NaN,NaN,NaN,NaN,NaN,NaN,NaN,NaN,NaN,NaN,NaN,NaN,NaN,NaN,NaN,NaN,NaN,NaN,NaN,NaN,NaN,NaN,NaN,NaN,NaN,NaN,NaN,NaN,NaN,NaN
0.7452,NaN,NaN,NaN,0.972,NaN,0.81,1.1664,NaN,NaN,NaN,NaN,NaN,NaN,NaN,NaN,NaN,NaN,NaN,NaN,NaN,NaN,NaN,NaN,NaN,NaN,NaN,NaN,NaN,NaN,NaN,NaN,NaN,NaN,NaN,NaN,NaN,NaN,NaN,NaN,NaN,NaN,NaN,NaN,NaN,NaN,NaN,NaN,NaN,NaN
1.944,0.972,1.134,1.6524,1.1664,1.1664,0.8748,2.1384,2.2032,1.9764,0.81,1.0368,1.1016,0.9396,1.458,1.3932,1.6848,NaN,NaN,NaN,NaN,NaN,NaN,NaN,NaN,NaN,NaN,NaN,NaN,NaN,NaN,NaN,NaN,NaN,NaN,NaN,NaN,NaN,NaN,NaN,NaN,NaN,NaN,NaN,NaN,NaN,NaN,NaN,NaN,NaN
1.0044,1.7172,NaN,NaN,1.1016,NaN,NaN,1.8792,NaN,NaN,NaN,NaN,NaN,NaN,0.7776,NaN,0.8424,NaN,NaN,NaN,NaN,NaN,0.9396,1.1664,1.6524,NaN,0.7452,0.9396,1.5552,NaN,NaN,NaN,NaN,NaN,NaN,NaN,NaN,1.62,NaN,NaN,NaN,NaN,NaN,1.458,NaN,0.9396,NaN,NaN,NaN,2.0088
1.5552,1.6524,1.0692,NaN,NaN,1.4256,NaN,NaN,NaN,NaN,1.7172,NaN,NaN,NaN,NaN,1.6848,3.6612,3.3048,2.6244,3.3696,3.2724,2.9484,2.8836,1.0044,0.9072,1.1016,1.3932,2.3004,1.3608,1.1016,2.1384,2.5272,2.8836,2.7216,2.9808,2.9808,1.3284,2.8188,2.7216,1.8792,2.7864,3.078,1.944,1.134,NaN,NaN,1.7496,2.2032,1.8468,2.268
1.296,0.9396,NaN,NaN,0.9072,NaN,NaN,NaN,0.9072,NaN,NaN,NaN,NaN,NaN,NaN,NaN,0.9072,0.9072,NaN,0.8748,NaN,NaN,2.1708,2.1708,NaN,NaN,NaN,NaN,1.62,NaN,1.4256,1.3284,NaN,NaN,1.1664,NaN,0.7776,NaN,NaN,NaN,NaN,NaN,NaN,NaN,NaN,NaN,NaN,NaN,NaN,NaN
0.9396,0.7452,1.3284,0.8424,0.8424,1.1016,0.9396,1.3284,0.8424,1.5876,1.1988,1.6848,1.3608,1.4256,3.3372,1.2312,1.3608,1.3932,NaN,2.0412,NaN,NaN,1.3608,1.1664,NaN,NaN,NaN,NaN,1.458,NaN,NaN,1.3932,1.134,NaN,NaN,NaN,NaN,1.1016,0.9396,NaN,NaN,NaN,NaN,NaN,NaN,NaN,NaN,0.7776,NaN,NaN
0.9072,NaN,2.1384,1.3608,NaN,1.9764,2.4624,NaN,1.2312,NaN,NaN,NaN,1.4256,0.81,0.7452,0.8748,NaN,NaN,1.4256,NaN,1.1016,NaN,NaN,0.7776,NaN,NaN,0.8748,0.81,1.0368,NaN,0.8748,1.6524,NaN,0.8424,0.81,NaN,NaN,NaN,NaN,NaN,NaN,NaN,1.0368,NaN,NaN,NaN,NaN,1.0368,NaN,NaN
2.3976,2.3328,1.458,NaN,2.106,2.4624,2.43,2.3652,2.5272,2.3976,0.8424,NaN,NaN,NaN,NaN,NaN,0.972,1.2312,1.0044,NaN,NaN,2.7216,2.5596,NaN,2.6892,0.8424,0.9072,2.0412,2.1708,1.5552,2.268,1.8792,2.2032,2.2356,1.3608,NaN,NaN,1.2312,NaN,NaN,1.5228,1.8468,1.5876,0.81,0.8748,NaN,NaN,NaN,1.1988,0.9072
2.3004,0.972,1.0692,0.9396,NaN,2.2356,2.268,2.3652,0.9396,2.5272,2.3328,NaN,1.0368,NaN,NaN,NaN,NaN,NaN,NaN,NaN,NaN,NaN,NaN,NaN,NaN,NaN,NaN,NaN,NaN,NaN,NaN,NaN,NaN,NaN,NaN,NaN,NaN,NaN,NaN,NaN,NaN,NaN,NaN,NaN,NaN,NaN,NaN,NaN,NaN,NaN
6.6096,3.2724,3.564,3.8232,3.9204,3.6288,3.6936,3.6936,3.3372,3.4992,3.2724,3.5964,3.6612,NaN,NaN,NaN,NaN,NaN,NaN,NaN,NaN,NaN,NaN,NaN,NaN,NaN,NaN,NaN,NaN,NaN,NaN,NaN,NaN,NaN,NaN,NaN,NaN,NaN,NaN,NaN,NaN,NaN,NaN,NaN,NaN,NaN,NaN,NaN,NaN,NaN
2.8512,2.43,0.8424,0.7776,1.2636,0.972,NaN,1.1016,NaN,NaN,2.0412,NaN,NaN,NaN,NaN,NaN,NaN,2.3328,NaN,NaN,NaN,NaN,NaN,NaN,NaN,NaN,NaN,NaN,NaN,NaN,NaN,NaN,NaN,NaN,NaN,NaN,NaN,NaN,NaN,NaN,NaN,NaN,NaN,NaN,NaN,NaN,NaN,NaN,NaN,NaN
2.3328,1.5228,2.268,2.3976,2.268,1.296,2.268,2.3004,2.0412,2.3328,2.2032,1.458,2.106,2.4624,NaN,1.5552,2.3976,NaN,2.2032,NaN,3.402,1.8144,3.0456,NaN,NaN,NaN,NaN,1.9116,1.0692,NaN,NaN,1.8468,1.1988,1.9116,NaN,NaN,NaN,NaN,1.7496,1.9116,2.1384,2.106,1.0692,NaN,1.4256,0.972,NaN,NaN,NaN,NaN
3.564,5.022,5.0868,4.7304,5.994,3.0132,3.1428,3.4344,3.1428,3.24,2.9808,4.7304,2.8836,NaN,NaN,NaN,NaN,NaN,NaN,NaN,NaN,NaN,NaN,NaN,NaN,NaN,NaN,NaN,NaN,NaN,NaN,NaN,NaN,NaN,NaN,NaN,NaN,NaN,NaN,NaN,NaN,NaN,NaN,NaN,NaN,NaN,NaN,NaN,NaN,NaN
1.3608,1.3608,NaN,1.2636,1.1988,1.1988,1.3608,1.1988,1.2312,1.3932,0.972,1.0368,0.9396,1.0368,1.1988,1.2312,1.0368,1.458,1.2312,1.4256,1.4256,1.458,1.62,1.4256,1.4256,1.1016,1.1988,1.1664,1.2636,1.1016,1.0044,NaN,NaN,1.1016,1.2636,1.4256,NaN,0.9072,0.8424,1.1016,1.2312,0.7452,0.81,0.9396,NaN,0.7776,NaN,1.1988,1.1016,1.0692
0.9072,1.0692,2.43,3.9528,0.81,NaN,0.7452,0.7452,NaN,1.4256,NaN,1.3608,NaN,1.3932,1.3608,1.3608,1.3608,1.1664,1.1988,NaN,0.9072,0.9072,NaN,0.7452,1.3608,0.8748,0.7452,0.8748,NaN,NaN,1.296,2.3328,2.0736,0.81,0.7776,0.8748,NaN,1.0044,0.8424,NaN,0.8424,0.7452,NaN,0.9072,NaN,1.0044,NaN,1.0044,1.0692,1.3284
11.8908,11.178,11.016,4.6008,NaN,NaN,NaN,NaN,NaN,NaN,NaN,NaN,NaN,NaN,NaN,NaN,NaN,NaN,NaN,NaN,NaN,NaN,NaN,NaN,NaN,NaN,NaN,NaN,NaN,NaN,NaN,NaN,NaN,NaN,NaN,NaN,NaN,NaN,NaN,NaN,NaN,NaN,NaN,NaN,NaN,NaN,NaN,NaN,NaN,NaN
0.972,1.1988,0.9396,0.8424,0.7776,0.9072,1.0044,1.0044,0.7452,0.9072,0.8424,0.8748,0.972,0.8424,NaN,NaN,0.972,0.81,1.134,0.7776,0.7776,NaN,0.7776,0.8748,1.0044,0.7452,0.7776,0.8424,0.8748,0.7776,NaN,NaN,0.9396,1.0368,NaN,NaN,NaN,NaN,NaN,NaN,NaN,NaN,NaN,NaN,0.8424,NaN,NaN,0.7776,NaN,NaN
0.7452,NaN,0.81,NaN,NaN,NaN,0.9072,0.8748,NaN,NaN,0.7452,NaN,NaN,0.8424,0.7776,NaN,NaN,0.8748,NaN,NaN,0.7452,NaN,0.81,NaN,1.134,0.7452,NaN,NaN,NaN,NaN,NaN,NaN,NaN,NaN,NaN,NaN,NaN,NaN,NaN,NaN,NaN,NaN,NaN,NaN,NaN,NaN,NaN,NaN,NaN,NaN
1.296,1.1664,1.8792,1.9116,1.9116,2.4624,2.7864,2.6892,NaN,2.6568,2.3652,3.1752,NaN,NaN,NaN,2.6568,NaN,NaN,NaN,NaN,NaN,NaN,NaN,NaN,NaN,NaN,NaN,NaN,NaN,NaN,NaN,NaN,NaN,1.1988,NaN,NaN,1.296,NaN,1.62,NaN,1.782,NaN,NaN,NaN,NaN,NaN,NaN,NaN,1.9116,NaN
2.7216,1.2312,0.972,NaN,2.592,0.7776,1.296,1.2636,1.9116,0.8748,NaN,1.7496,0.81,0.972,NaN,NaN,0.972,NaN,NaN,NaN,1.458,NaN,NaN,NaN,NaN,NaN,NaN,NaN,NaN,NaN,NaN,NaN,NaN,NaN,NaN,NaN,NaN,NaN,NaN,NaN,NaN,NaN,NaN,NaN,NaN,NaN,NaN,NaN,NaN,NaN
4.6332,7.3872,6.3828,4.4712,3.8232,6.3828,7.776,6.4152,10.2708,NaN,6.6096,7.2252,6.3504,NaN,NaN,NaN,NaN,NaN,11.0808,NaN,NaN,NaN,6.2856,6.318,6.8688,6.5448,6.9336,7.0308,NaN,6.7068,6.9012,NaN,6.7392,7.29,NaN,4.2768,3.888,6.7392,3.9852,4.3092,4.1796,6.156,6.156,NaN,0.9396,NaN,NaN,NaN,NaN,NaN
2.0736,1.6524,1.2636,1.782,NaN,1.6524,2.1384,1.9116,2.1384,2.6568,2.8836,0.7452,0.7776,2.2356,2.4624,2.7216,2.592,2.3328,1.3932,2.2032,1.5876,1.9764,2.3004,1.7496,1.6524,1.134,1.2312,1.296,1.6848,2.6568,1.7172,1.4904,2.8512,1.8468,1.9764,2.9808,NaN,NaN,NaN,1.7172,NaN,NaN,NaN,NaN,NaN,NaN,NaN,0.7776,NaN,2.1384
6.4476,4.7628,4.1796,3.7908,4.2768,6.3828,NaN,6.5772,6.4476,6.7716,6.156,6.48,6.1236,6.5124,NaN,1.1664,6.4152,1.4256,1.2636,NaN,NaN,NaN,NaN,NaN,NaN,NaN,NaN,NaN,NaN,NaN,NaN,NaN,NaN,NaN,NaN,NaN,NaN,NaN,NaN,NaN,NaN,NaN,NaN,NaN,NaN,NaN,NaN,NaN,NaN,NaN
1.134,NaN,1.296,NaN,0.9072,0.81,0.9072,NaN,NaN,NaN,NaN,NaN,NaN,NaN,1.2312,NaN,NaN,NaN,1.1988,NaN,NaN,1.2636,NaN,0.8424,1.1988,NaN,NaN,NaN,0.7776,1.8144,1.5876,1.6848,2.1384,NaN,NaN,NaN,NaN,NaN,NaN,NaN,NaN,NaN,NaN,NaN,NaN,NaN,NaN,1.2312,NaN,NaN
1.782,NaN,NaN,2.4948,2.4948,NaN,NaN,NaN,NaN,NaN,NaN,NaN,NaN,NaN,NaN,NaN,3.9204,3.5964,NaN,NaN,NaN,NaN,NaN,NaN,NaN,NaN,NaN,NaN,NaN,NaN,NaN,NaN,NaN,NaN,NaN,2.9484,3.1428,NaN,1.9764,2.0412,1.6848,NaN,NaN,NaN,1.3284,1.1988,NaN,1.1988,0.8748,1.3608
2.9484,2.5272,2.4948,1.8144,2.916,1.5228,2.5272,2.4948,2.5596,1.7172,2.1384,2.3328,2.6244,2.6892,2.6892,2.3976,1.62,2.754,1.6848,2.7864,2.5596,2.4624,2.43,2.7216,2.5272,2.5596,2.3652,2.3976,2.3976,2.8836,2.6892,3.0456,2.8836,2.3004,2.6892,2.5596,1.5876,2.8188,2.5272,2.4624,1.944,2.6568,1.6524,2.106,1.3608,1.5228,2.2032,1.5228,2.5596,2.268
3.7908,1.8468,3.6288,3.6288,3.888,3.5964,NaN,3.6288,NaN,NaN,1.5876,3.3048,1.62,1.7496,1.62,3.3048,3.402,3.5316,3.6612,3.402,3.4668,1.782,0.8424,NaN,1.134,NaN,NaN,NaN,NaN,NaN,NaN,NaN,NaN,NaN,NaN,NaN,1.1988,NaN,NaN,NaN,NaN,1.3608,2.43,2.5272,1.2636,2.3976,NaN,1.5876,2.268,2.3652
2.0412,1.9116,1.9116,1.6848,1.782,1.944,1.9764,1.8792,1.5876,1.8468,1.62,1.782,1.8144,2.0736,2.0736,1.8468,1.782,1.944,2.2356,1.9116,1.9116,1.7172,1.782,1.7496,2.1384,1.8468,1.8144,3.7584,1.7496,1.782,1.62,1.8144,3.3372,1.8144,1.782,1.7496,1.782,1.5876,1.62,1.6524,1.62,1.458,1.3932,1.3284,1.5228,1.4256,1.62,1.296,1.5552,1.5552
0.8748,NaN,1.4256,1.6524,1.2312,NaN,NaN,1.0368,NaN,NaN,NaN,NaN,NaN,NaN,NaN,NaN,NaN,NaN,NaN,1.134,1.0044,NaN,NaN,1.0044,1.3608,1.3284,1.8792,1.1016,1.0692,1.3608,1.5876,1.5228,1.62,1.9116,1.1988,NaN,NaN,NaN,NaN,NaN,NaN,NaN,NaN,NaN,NaN,NaN,NaN,NaN,NaN,NaN
0.8424,NaN,NaN,NaN,1.0044,0.7452,NaN,NaN,NaN,NaN,NaN,NaN,NaN,NaN,NaN,NaN,NaN,NaN,NaN,NaN,NaN,NaN,NaN,NaN,NaN,NaN,NaN,NaN,NaN,NaN,NaN,NaN,NaN,NaN,NaN,NaN,NaN,NaN,NaN,NaN,NaN,NaN,NaN,NaN,NaN,NaN,NaN,NaN,NaN,NaN
2.0412,0.8748,1.8468,1.6848,1.1988,NaN,0.9396,1.5876,0.9396,0.9396,NaN,NaN,NaN,NaN,NaN,NaN,NaN,NaN,NaN,NaN,1.0044,0.7452,NaN,1.1664,NaN,NaN,NaN,0.7452,NaN,NaN,NaN,0.8424,NaN,NaN,NaN,1.458,NaN,0.7452,NaN,NaN,NaN,NaN,NaN,NaN,NaN,NaN,NaN,NaN,NaN,NaN
0.972,NaN,1.0692,1.1664,1.0692,1.296,1.6524,1.3608,1.1664,1.0692,1.134,NaN,1.0044,1.3284,1.2636,NaN,1.1664,1.1016,NaN,1.6524,1.0368,1.0044,NaN,NaN,NaN,NaN,NaN,NaN,1.2312,1.0044,NaN,NaN,NaN,NaN,NaN,0.8424,0.972,NaN,0.8424,NaN,0.7452,0.8748,NaN,1.2636,NaN,NaN,1.134,0.972,0.7776,0.7452
4.536,2.5272,4.0824,1.782,3.1428,3.726,3.8556,3.8556,4.1796,4.4064,3.7584,4.05,3.7908,4.1796,4.5036,3.8556,3.8556,4.05,4.1796,4.2444,3.0456,4.05,4.212,NaN,4.1472,2.106,3.4344,4.3092,3.888,2.3652,3.3696,4.05,3.6936,3.8556,3.9852,3.9528,NaN,3.5316,3.3696,NaN,2.1384,3.564,NaN,2.3328,1.944,2.4624,NaN,2.0088,1.782,3.402
1.5552,1.3932,1.2312,1.1016,1.2636,1.3284,1.7172,1.4904,1.3932,1.4904,1.3932,1.5876,1.62,1.5876,1.6524,1.4904,1.7172,1.3932,1.1016,1.458,1.4904,1.4904,1.296,1.296,1.5552,1.3932,1.3608,1.3284,1.458,1.3284,1.1016,1.3284,1.296,1.458,1.296,1.3932,1.1016,1.2636,1.0368,1.134,1.2636,1.1664,1.2636,1.1016,1.3608,1.134,1.0044,0.9396,1.296,1.134
1.1016,0.9396,1.0044,1.1988,1.2636,1.1016,1.296,0.9396,1.0368,1.296,1.1988,1.3284,1.2636,1.3284,1.3608,1.1016,1.0368,1.2312,1.0044,0.972,1.2312,1.296,1.2636,1.1016,1.2312,1.1016,0.972,1.2636,1.2312,1.296,1.1988,1.2312,1.134,1.62,1.4904,1.0692,1.1988,1.3932,1.0692,1.2312,1.296,1.296,1.1016,0.8748,0.972,NaN,0.8424,NaN,NaN,0.7452
1.0692,1.4904,NaN,NaN,0.972,1.2636,NaN,NaN,NaN,NaN,NaN,NaN,NaN,NaN,NaN,NaN,NaN,NaN,NaN,NaN,NaN,NaN,NaN,NaN,NaN,NaN,NaN,NaN,NaN,NaN,NaN,NaN,NaN,NaN,NaN,NaN,NaN,NaN,NaN,NaN,NaN,NaN,NaN,NaN,NaN,NaN,NaN,NaN,NaN,NaN
0.8748,NaN,1.0692,NaN,NaN,NaN,NaN,1.8144,1.5876,1.782,NaN,NaN,NaN,NaN,1.6524,NaN,NaN,NaN,0.7452,NaN,NaN,NaN,1.4904,1.4904,1.8144,1.3284,NaN,NaN,NaN,NaN,NaN,NaN,NaN,NaN,NaN,NaN,NaN,NaN,NaN,NaN,NaN,NaN,NaN,NaN,NaN,NaN,NaN,NaN,NaN,NaN
1.7496,1.6848,1.8792,1.7172,1.4904,1.458,2.592,1.7496,1.62,1.4904,NaN,1.8468,NaN,1.7172,1.7496,1.2312,1.5228,NaN,1.458,NaN,NaN,NaN,1.5876,1.3284,1.5876,1.62,NaN,1.6848,NaN,NaN,1.9116,1.5876,NaN,1.4904,NaN,1.3284,NaN,NaN,1.62,1.62,1.5228,1.4904,1.5876,NaN,1.2312,0.972,1.2312,0.9072,1.458,NaN
5.67,0.8748,NaN,0.81,NaN,1.1664,1.3932,NaN,NaN,1.2636,1.3932,NaN,NaN,NaN,NaN,1.0044,NaN,NaN,NaN,NaN,0.7776,NaN,NaN,NaN,NaN,1.134,NaN,1.9764,NaN,NaN,NaN,NaN,NaN,NaN,NaN,1.2636,NaN,NaN,NaN,NaN,1.5228,NaN,NaN,1.0692,1.1664,NaN,NaN,NaN,NaN,NaN
0.7452,NaN,NaN,NaN,NaN,NaN,NaN,NaN,NaN,NaN,0.81,NaN,0.972,NaN,1.0692,NaN,1.3932,NaN,NaN,1.2636,NaN,NaN,NaN,NaN,NaN,NaN,NaN,NaN,0.7452,2.0736,1.3608,1.8468,3.1104,2.9484,2.5596,2.592,1.1664,2.8512,1.458,NaN,1.3284,1.0692,1.944,1.4904,1.0044,2.5272,2.3652,2.6892,2.0412,NaN
1.6848,1.62,3.8556,1.4256,1.4904,NaN,1.7172,1.4256,NaN,NaN,1.5228,1.458,NaN,1.6524,NaN,NaN,NaN,NaN,NaN,NaN,NaN,NaN,1.296,NaN,1.2312,1.1664,1.1988,1.296,1.4256,1.458,1.0368,1.3284,1.2636,1.3284,0.8748,1.3284,1.2636,1.134,0.7452,0.8424,0.8748,0.972,1.0368,NaN,NaN,NaN,NaN,NaN,NaN,NaN
0.8748,1.134,0.7452,1.0044,0.7776,1.458,1.0044,NaN,NaN,NaN,0.81,NaN,0.972,0.9072,NaN,0.8748,0.972,NaN,0.7776,NaN,NaN,NaN,NaN,NaN,NaN,NaN,NaN,NaN,NaN,NaN,NaN,NaN,0.9396,NaN,NaN,NaN,NaN,NaN,NaN,NaN,NaN,NaN,0.7776,NaN,0.7776,NaN,NaN,NaN,NaN,NaN
2.592,1.944,1.7496,2.4948,1.3284,1.782,4.6656,2.268,NaN,NaN,0.7452,NaN,2.3004,1.2312,1.4904,1.1016,NaN,1.0368,1.296,NaN,NaN,NaN,1.296,1.0368,0.9396,0.8748,NaN,NaN,NaN,NaN,NaN,NaN,NaN,NaN,NaN,NaN,NaN,NaN,NaN,NaN,NaN,NaN,NaN,NaN,NaN,NaN,NaN,NaN,NaN,NaN
1.7496,2.9484,2.7864,2.6568,NaN,NaN,3.1104,2.592,2.6244,NaN,NaN,3.078,2.9808,NaN,3.402,2.5596,NaN,2.916,2.6244,NaN,3.1104,NaN,NaN,NaN,1.8144,1.782,NaN,NaN,1.8468,3.0132,NaN,NaN,NaN,NaN,NaN,NaN,1.782,0.7776,0.8424,NaN,1.6524,2.0088,NaN,NaN,NaN,0.8748,1.0044,0.7776,0.7452,NaN
1.1988,1.134,NaN,1.782,1.5552,3.3696,1.0044,1.3932,3.1428,3.0132,1.5552,1.3608,2.9808,1.2312,2.754,2.43,3.0132,2.6244,2.916,3.1752,3.1104,3.3372,1.4904,2.592,0.7452,1.134,1.1016,1.3608,1.4256,NaN,NaN,1.0368,1.1988,1.7172,3.4992,3.402,1.7172,NaN,NaN,1.0692,0.8424,NaN,NaN,NaN,NaN,NaN,NaN,1.0368,1.1016,1.3284
1.3284,1.2312,1.2636,1.458,1.1988,0.972,NaN,1.2312,NaN,0.81,0.9072,NaN,1.6848,3.0456,2.8188,1.7172,1.6848,3.0456,3.078,1.6848,2.916,NaN,2.1384,1.7496,1.9116,1.5876,1.6524,3.1752,2.754,0.81,1.2636,1.5228,2.6244,2.3328,NaN,NaN,NaN,NaN,0.972,0.9072,0.9072,1.1988,1.1988,NaN,1.2312,0.7776,0.972,NaN,NaN,NaN
1.0692,NaN,1.0044,NaN,NaN,1.944,1.2312,1.1664,1.296,NaN,0.8748,NaN,NaN,NaN,NaN,1.6524,1.7496,1.0044,0.9396,0.972,0.81,NaN,NaN,NaN,NaN,0.9072,NaN,0.8424,NaN,1.296,0.8748,1.0692,NaN,0.9396,NaN,NaN,NaN,NaN,NaN,NaN,NaN,NaN,NaN,NaN,NaN,NaN,NaN,NaN,NaN,NaN
5.0544,5.2164,5.346,4.212,5.184,5.2812,NaN,5.3784,4.4712,2.3976,NaN,3.4668,NaN,3.4668,5.184,4.7628,5.4432,4.86,4.698,4.8924,4.9248,5.0544,4.8924,4.4388,5.022,4.212,NaN,NaN,4.2768,NaN,NaN,1.62,NaN,NaN,NaN,NaN,NaN,NaN,NaN,NaN,NaN,NaN,NaN,1.6848,3.726,NaN,NaN,NaN,NaN,1.1664
2.3976,2.5272,1.8144,1.6524,1.6848,1.7172,1.5552,1.9764,1.5876,2.43,1.9764,1.6848,1.4256,1.7496,1.7496,1.296,2.7864,1.3932,1.458,2.6892,2.3976,2.8512,3.0132,2.6568,3.2076,2.5272,2.6568,3.4992,1.5876,NaN,NaN,NaN,NaN,NaN,NaN,NaN,NaN,NaN,NaN,NaN,NaN,NaN,NaN,NaN,NaN,NaN,1.0368,NaN,NaN,NaN
2.6244,3.888,2.6568,3.8232,3.7908,1.458,2.2032,2.106,1.944,3.4668,2.2032,3.7584,3.4344,3.3048,3.6288,1.4904,1.3608,1.6848,1.1664,2.2032,1.4256,3.2724,1.8792,1.782,NaN,NaN,NaN,1.3284,0.972,1.296,2.0088,1.0368,1.0044,1.3932,1.1664,0.81,1.0044,1.458,NaN,NaN,NaN,NaN,NaN,NaN,NaN,NaN,NaN,1.2636,NaN,NaN
0.972,NaN,NaN,NaN,4.4712,4.6332,NaN,NaN,NaN,4.6008,4.5684,NaN,NaN,4.8276,NaN,NaN,4.6008,NaN,NaN,4.4712,NaN,3.0132,2.9808,2.592,NaN,NaN,4.4388,4.4712,0.8424,NaN,NaN,NaN,NaN,NaN,NaN,NaN,NaN,NaN,NaN,NaN,NaN,NaN,NaN,NaN,NaN,NaN,NaN,NaN,NaN,NaN
1.9764,1.9764,NaN,1.1664,0.7776,NaN,0.7452,NaN,NaN,0.972,1.2636,1.5228,NaN,NaN,NaN,1.0692,0.8748,NaN,NaN,0.8424,NaN,0.8424,1.134,NaN,0.9396,NaN,1.6524,1.134,0.9072,NaN,NaN,2.1708,NaN,0.7776,0.9072,NaN,NaN,0.7776,NaN,NaN,0.7452,0.81,0.7452,NaN,NaN,NaN,0.9396,NaN,NaN,0.81
2.0412,1.782,1.1016,0.972,1.1664,1.458,1.5228,1.0044,1.7172,1.8468,NaN,NaN,NaN,NaN,1.8792,1.5552,1.944,NaN,NaN,NaN,NaN,NaN,1.0368,NaN,NaN,0.7776,NaN,NaN,NaN,NaN,NaN,NaN,0.9396,NaN,NaN,NaN,NaN,NaN,NaN,NaN,NaN,NaN,NaN,NaN,NaN,NaN,NaN,NaN,NaN,NaN
1.7496,NaN,NaN,1.62,1.0692,1.458,NaN,NaN,NaN,NaN,NaN,NaN,NaN,2.3976,3.3372,2.9808,3.9852,NaN,NaN,1.4256,NaN,2.7864,3.888,3.6288,3.8232,0.8748,NaN,1.3932,1.1664,NaN,1.0692,1.1664,NaN,1.2312,NaN,NaN,1.134,NaN,NaN,NaN,0.7776,0.81,0.81,1.134,NaN,NaN,NaN,NaN,0.7452,NaN
1.0692,1.134,1.296,0.9396,1.8792,NaN,NaN,0.7776,NaN,0.8748,1.0368,2.2032,1.944,NaN,0.8748,0.972,0.9072,1.782,2.1384,1.0692,0.7452,1.296,NaN,1.0368,NaN,NaN,NaN,1.2636,1.5876,1.7172,2.106,2.268,1.0044,2.3652,2.1384,1.782,0.972,NaN,1.3608,1.4256,1.5552,1.1016,1.2312,1.6848,2.2356,2.1384,1.782,2.4624,1.4904,1.2312
0.972,1.1988,1.1664,0.7776,1.0692,NaN,NaN,NaN,NaN,0.8748,NaN,NaN,NaN,NaN,NaN,NaN,NaN,NaN,NaN,NaN,NaN,NaN,NaN,NaN,NaN,NaN,NaN,NaN,NaN,NaN,NaN,NaN,NaN,NaN,NaN,NaN,NaN,NaN,NaN,NaN,NaN,NaN,NaN,NaN,NaN,NaN,NaN,NaN,NaN,NaN
2.1384,2.7864,3.8556,1.944,1.9116,1.0692,3.0132,NaN,2.9484,NaN,3.564,NaN,2.592,1.2636,NaN,NaN,NaN,2.9808,2.8188,0.9072,NaN,NaN,NaN,NaN,NaN,1.2312,1.9764,1.5228,1.458,2.2356,1.3932,1.5552,1.3284,2.0088,2.106,1.5876,1.3932,1.62,NaN,0.7776,NaN,0.81,1.0692,NaN,NaN,NaN,NaN,0.7776,NaN,0.7452
9.072,1.8144,1.2312,1.2636,NaN,0.972,NaN,NaN,1.1016,NaN,NaN,NaN,NaN,NaN,NaN,1.296,1.5876,NaN,NaN,1.1664,1.134,NaN,NaN,NaN,NaN,2.3976,NaN,NaN,NaN,3.7584,NaN,NaN,NaN,NaN,3.078,NaN,NaN,NaN,NaN,NaN,NaN,2.4624,NaN,2.0736,NaN,2.2356,NaN,NaN,NaN,NaN
3.2724,3.7584,2.6892,1.62,3.402,3.8556,3.7584,2.3328,2.0736,2.4948,1.3284,2.8836,NaN,NaN,NaN,2.6244,1.9764,NaN,NaN,2.3976,NaN,NaN,NaN,1.134,3.8232,2.3652,NaN,NaN,0.81,NaN,1.7172,1.9116,1.9116,2.0412,2.2356,1.134,1.6524,NaN,NaN,0.7452,NaN,0.9072,NaN,1.5876,NaN,NaN,0.9072,NaN,0.8424,NaN
1.2312,1.3284,1.5228,1.3608,1.5228,1.296,1.296,1.3608,1.2636,1.458,1.134,1.6524,1.4256,1.2636,1.782,1.296,1.3608,1.1988,1.0692,1.2636,1.2636,1.3608,1.1988,1.1664,1.3932,1.2312,1.296,1.2312,1.2636,1.3284,1.1016,1.1988,1.3608,1.1988,1.3284,1.7496,1.4904,1.4904,1.2636,1.458,1.296,1.296,1.3932,1.0692,1.1016,1.0368,1.2312,NaN,NaN,NaN
1.458,1.296,1.3932,1.296,1.3932,1.3932,1.458,1.4256,1.4256,1.5552,1.5552,1.3932,1.62,1.5552,1.5552,1.5228,1.5228,1.3284,1.2636,1.3284,1.4256,1.458,1.458,1.5876,1.7172,1.6524,1.6848,1.7172,1.5552,1.4904,1.2312,1.296,1.3608,1.3608,1.296,1.2636,1.1988,1.1664,1.0692,0.8424,0.8424,0.9072,0.9396,0.9396,0.7776,0.7452,1.1664,0.9072,0.9396,0.972
0.7452,NaN,NaN,NaN,NaN,NaN,NaN,NaN,NaN,NaN,1.8468,2.106,1.134,NaN,3.9204,NaN,5.5728,NaN,1.0044,NaN,NaN,NaN,NaN,NaN,NaN,NaN,NaN,NaN,NaN,NaN,NaN,NaN,NaN,NaN,NaN,NaN,NaN,NaN,NaN,NaN,NaN,NaN,NaN,NaN,NaN,NaN,NaN,NaN,NaN,NaN
2.5596,3.7908,5.508,5.0868,6.318,3.726,5.8968,5.346,4.9572,3.402,5.346,5.5728,4.05,7.0956,6.7068,6.0264,3.7908,5.67,5.832,3.564,6.804,3.4992,5.184,5.0544,5.2164,3.402,5.4432,5.7996,5.1192,6.2208,6.3504,6.0912,1.6848,6.5124,4.4064,4.9248,5.184,5.1192,5.346,5.8644,4.698,4.212,4.7952,NaN,2.6892,NaN,4.05,4.1796,NaN,3.9528
3.1428,1.1988,1.62,1.4256,1.782,NaN,NaN,NaN,NaN,NaN,NaN,NaN,NaN,NaN,NaN,NaN,NaN,NaN,NaN,NaN,NaN,NaN,NaN,NaN,NaN,NaN,NaN,NaN,NaN,NaN,NaN,NaN,NaN,NaN,NaN,NaN,NaN,NaN,NaN,NaN,NaN,NaN,NaN,NaN,NaN,NaN,NaN,NaN,NaN,NaN
1.2636,1.0692,NaN,NaN,NaN,1.0692,NaN,NaN,NaN,1.5228,NaN,NaN,NaN,NaN,NaN,NaN,NaN,NaN,NaN,NaN,NaN,NaN,NaN,NaN,NaN,NaN,NaN,NaN,NaN,NaN,NaN,NaN,NaN,NaN,NaN,NaN,NaN,NaN,NaN,NaN,NaN,NaN,NaN,NaN,NaN,NaN,NaN,NaN,NaN,NaN
3.1428,NaN,3.2724,1.7172,1.7172,1.5876,1.7172,3.3372,3.3696,3.1104,1.4904,2.0736,1.4904,1.5876,1.944,1.7172,1.782,1.8468,3.6612,1.7496,1.5552,1.782,1.782,1.5552,1.8792,1.9764,1.8144,1.8792,1.62,2.3328,2.2356,1.9764,1.9116,1.9116,1.944,2.106,1.5876,1.782,1.4256,1.62,1.4904,1.5552,NaN,2.9808,1.782,1.458,1.3284,1.4256,1.3608,1.0692
0.8748,0.7452,NaN,1.3932,1.5228,NaN,NaN,1.9764,1.8792,1.1988,2.0736,2.1384,1.458,NaN,1.5552,NaN,NaN,0.9396,0.7776,1.5876,NaN,1.7496,NaN,0.7776,NaN,NaN,NaN,NaN,NaN,1.1016,0.8748,NaN,0.81,NaN,1.0692,NaN,NaN,NaN,NaN,NaN,NaN,NaN,NaN,NaN,NaN,NaN,NaN,NaN,NaN,NaN
6.4476,12.7656,9.1044,7.1604,3.9852,NaN,NaN,NaN,NaN,NaN,3.0456,1.7172,1.7496,NaN,NaN,1.5876,1.4256,1.296,1.5552,1.8468,0.9396,1.296,1.6848,1.2636,NaN,1.134,NaN,1.458,NaN,1.8144,1.3608,1.8468,1.4904,1.7496,1.9116,1.0368,NaN,1.5876,1.5552,1.134,1.2312,1.1016,1.8144,1.62,1.4904,1.296,1.7496,NaN,1.5552,2.1708
2.6892,2.3652,1.3284,1.2636,1.3608,1.2636,2.6244,1.3284,1.5552,2.754,2.6244,2.4948,1.5228,2.3976,NaN,2.3976,2.4624,2.3976,1.458,2.592,1.4256,1.3608,2.3652,2.1708,1.3932,1.1016,NaN,1.2636,1.4904,1.3932,NaN,2.3328,NaN,1.296,1.3284,1.2636,NaN,1.5552,NaN,1.3284,1.2636,1.3608,1.2312,1.7172,NaN,1.0692,0.81,1.1016,0.8424,1.134
1.8792,3.4992,2.0412,2.0412,3.3372,2.268,3.4344,3.564,2.3328,2.3004,3.402,3.6612,2.9484,2.0088,NaN,2.0736,NaN,2.3004,NaN,NaN,2.2356,2.3004,2.4948,2.106,2.5272,2.2032,2.3976,NaN,2.1708,2.4948,NaN,2.4948,NaN,2.3652,1.9764,2.3004,2.592,2.268,1.944,2.106,2.3004,2.1708,1.944,2.0412,2.106,1.8792,1.9764,1.8792,2.5272,1.9764
1.0368,NaN,1.2636,1.2312,NaN,1.0368,NaN,NaN,1.0368,1.296,NaN,NaN,1.0044,1.134,NaN,1.3284,NaN,0.972,NaN,NaN,1.0692,1.1664,NaN,1.0368,NaN,NaN,1.1016,NaN,NaN,NaN,1.134,NaN,NaN,NaN,1.3284,NaN,NaN,NaN,NaN,0.8424,NaN,NaN,0.972,NaN,NaN,NaN,NaN,NaN,NaN,NaN
1.458,3.0132,2.9484,2.8188,2.8836,2.9484,3.2076,3.1752,2.7216,3.1104,3.0132,3.402,2.916,3.3048,3.0132,2.916,2.9484,2.7216,2.6568,2.8188,2.5596,1.6848,2.754,2.4624,2.8836,2.3652,1.458,2.1708,2.2356,2.4624,1.3284,2.2032,2.4948,2.2356,1.944,2.106,2.5272,1.4256,1.1664,1.1988,1.296,1.2312,1.782,1.7172,1.134,1.0044,1.1988,1.2636,1.3284,1.6848
1.9116,1.9116,1.62,1.5876,1.5876,1.458,1.5228,1.5876,1.62,1.7496,1.5876,1.8468,1.8468,1.8144,1.8792,1.7496,1.8792,1.8144,1.7172,1.5552,1.6524,1.8792,1.8468,1.6524,1.782,1.4904,1.5876,1.7496,1.4256,1.62,1.4904,1.5228,1.62,1.62,1.6848,1.7172,1.5228,1.3932,1.1988,1.0368,1.3932,1.458,1.1016,1.1664,1.2636,1.0692,0.81,1.1664,NaN,1.1988
1.8144,1.7172,1.8792,1.8792,1.7496,2.0736,1.9116,2.3328,2.0412,2.106,1.9764,1.9764,1.8792,1.1664,1.6524,1.8144,1.6848,1.6524,2.2032,0.81,NaN,1.5876,3.6936,1.782,1.7172,0.972,1.62,1.7496,1.7172,1.5228,1.3932,1.4904,1.7496,1.6524,1.1664,1.458,2.106,NaN,1.3932,1.134,1.3608,0.8748,1.7496,1.0368,1.5228,NaN,NaN,1.3608,NaN,1.7496
1.134,2.106,1.3284,NaN,NaN,NaN,1.3932,NaN,1.0368,1.4256,NaN,1.6848,NaN,1.3608,1.2312,1.2636,1.458,1.5876,1.4256,1.5228,NaN,NaN,NaN,1.3608,NaN,NaN,NaN,1.458,1.3284,NaN,NaN,1.3932,0.9072,NaN,NaN,NaN,NaN,NaN,NaN,NaN,NaN,0.8424,NaN,NaN,NaN,NaN,NaN,NaN,NaN,NaN
1.1016,1.1664,1.2312,0.8748,1.1988,1.0044,1.0692,1.1988,1.134,1.1664,1.0044,1.0368,1.1016,1.0044,1.0368,1.1016,1.0044,0.9396,1.0044,1.134,0.8424,0.972,NaN,0.9072,1.3608,1.1016,0.972,0.9072,0.8424,0.7776,0.8748,0.8748,0.8748,0.9072,NaN,NaN,0.7452,NaN,NaN,NaN,NaN,NaN,NaN,NaN,NaN,NaN,NaN,NaN,NaN,NaN
2.3652,2.592,2.2032,2.3976,4.536,2.268,2.43,2.5272,NaN,2.4624,2.1708,NaN,2.4948,2.592,2.4948,2.4624,2.3652,2.43,2.6244,2.6244,2.1708,2.5272,2.8512,1.458,2.592,1.4256,2.3328,2.0412,2.2356,2.2356,2.106,2.1384,1.4904,1.8468,2.1708,2.268,1.5876,2.3004,2.2356,1.9116,1.9116,1.944,1.3608,1.9764,1.5876,1.5228,1.4904,2.1708,1.8792,2.106
2.7216,2.6244,2.2356,1.8468,NaN,2.0736,2.0736,1.7496,NaN,1.6524,1.8792,NaN,1.944,2.0736,2.0412,2.3652,1.8792,1.8144,1.8144,2.6892,2.4948,2.3976,1.944,2.268,2.6244,2.5596,2.6892,2.916,2.592,2.8188,2.4948,2.4624,2.6244,2.6568,2.754,2.6892,2.6568,2.6892,2.6568,2.8836,2.5272,2.8512,2.6244,2.592,2.4948,2.3328,2.4948,1.5552,2.5272,2.1708
1.1664,2.7216,2.3976,1.3284,1.134,2.3004,NaN,NaN,2.268,NaN,1.2636,1.5228,NaN,1.296,1.0368,NaN,1.0368,1.3284,NaN,2.1708,0.7776,1.134,1.0692,1.0368,2.1708,1.3932,1.0044,1.0368,0.972,1.3608,1.3284,NaN,0.8424,NaN,1.1016,NaN,1.1664,NaN,NaN,1.0044,0.8424,1.0368,1.782,0.9072,0.7776,1.2312,NaN,NaN,1.2636,0.7452
1.9764,NaN,NaN,1.8144,1.8792,2.0412,NaN,NaN,1.7496,2.5596,1.3608,1.7496,NaN,2.3652,NaN,1.6848,2.0412,NaN,2.5272,2.8188,NaN,NaN,NaN,1.6848,1.782,1.5552,NaN,2.2356,NaN,2.0736,2.1384,1.944,2.106,1.9764,1.134,1.9764,1.5876,NaN,1.7496,2.268,2.3652,1.4904,2.0736,NaN,1.8144,1.4904,1.6848,1.5876,2.0736,NaN
2.0736,NaN,0.7452,0.9396,0.8424,NaN,NaN,NaN,NaN,NaN,NaN,NaN,NaN,NaN,NaN,NaN,NaN,NaN,NaN,NaN,NaN,1.5228,1.6848,NaN,NaN,NaN,1.6848,1.2312,1.5876,1.3608,NaN,NaN,NaN,NaN,NaN,NaN,2.106,NaN,NaN,NaN,NaN,1.4256,NaN,NaN,NaN,1.1664,1.4904,NaN,NaN,NaN
1.6524,3.1428,1.0692,1.3932,1.0692,NaN,1.5228,1.6524,1.3284,0.972,1.8144,2.0736,1.8144,1.7496,1.7172,1.458,1.296,1.8792,1.6524,1.944,1.7172,0.9072,0.9396,NaN,2.106,NaN,0.8748,1.9116,0.9072,1.2312,0.8424,0.7776,NaN,1.4256,NaN,0.8748,1.2636,0.81,NaN,1.1988,1.0044,NaN,NaN,NaN,0.7776,NaN,NaN,NaN,1.134,NaN
2.1708,NaN,1.134,1.1988,NaN,NaN,NaN,NaN,NaN,2.5272,1.62,NaN,NaN,NaN,0.7452,NaN,NaN,1.296,NaN,NaN,NaN,NaN,1.8468,NaN,NaN,NaN,NaN,NaN,NaN,NaN,NaN,NaN,NaN,NaN,NaN,NaN,NaN,NaN,NaN,NaN,NaN,NaN,NaN,NaN,NaN,NaN,NaN,NaN,NaN,NaN
0.7776,NaN,1.1016,0.9396,NaN,NaN,NaN,1.458,NaN,1.458,NaN,NaN,NaN,NaN,NaN,0.9072,NaN,NaN,NaN,0.8424,NaN,NaN,NaN,1.1988,NaN,NaN,NaN,NaN,NaN,NaN,0.972,NaN,NaN,NaN,NaN,NaN,NaN,NaN,NaN,NaN,NaN,NaN,NaN,NaN,NaN,NaN,NaN,NaN,NaN,NaN
1.134,1.2312,0.8748,0.8424,1.0368,0.9072,0.9072,NaN,0.8748,NaN,0.81,NaN,NaN,0.7776,NaN,NaN,1.9116,NaN,NaN,0.7452,NaN,0.7776,NaN,NaN,NaN,NaN,NaN,NaN,NaN,0.8748,NaN,NaN,0.8424,NaN,0.7776,NaN,NaN,NaN,NaN,NaN,NaN,NaN,NaN,NaN,NaN,NaN,NaN,NaN,NaN,NaN
0.7776,1.5876,1.0044,0.7776,0.9072,NaN,1.1988,1.134,1.0692,0.9072,0.972,NaN,NaN,NaN,NaN,NaN,0.7776,NaN,NaN,NaN,NaN,NaN,NaN,NaN,NaN,NaN,NaN,NaN,NaN,NaN,NaN,NaN,NaN,NaN,NaN,NaN,NaN,NaN,NaN,NaN,NaN,NaN,NaN,NaN,NaN,NaN,NaN,NaN,NaN,NaN
1.5876,1.134,NaN,1.5228,NaN,0.7776,NaN,0.8748,NaN,1.1988,1.8792,0.8748,1.1988,NaN,1.1664,1.0692,NaN,0.7452,0.8748,1.2312,0.9396,1.7496,0.9072,1.0044,NaN,NaN,1.3608,1.1988,1.0692,1.6848,NaN,1.296,0.81,0.972,NaN,0.9072,NaN,0.7776,NaN,0.7776,NaN,NaN,NaN,NaN,NaN,NaN,NaN,NaN,NaN,0.9072
2.8836,2.7864,3.0132,1.5552,1.3608,2.8188,2.9808,3.1752,0.7452,NaN,NaN,NaN,NaN,NaN,NaN,NaN,NaN,NaN,1.8468,1.782,1.5552,1.6524,2.2032,1.944,1.2636,0.9072,1.2636,0.9396,1.134,NaN,NaN,NaN,NaN,NaN,NaN,NaN,NaN,NaN,NaN,NaN,NaN,NaN,NaN,NaN,NaN,NaN,NaN,0.9072,1.0368,1.2312
1.7496,0.7452,0.81,NaN,NaN,NaN,NaN,NaN,NaN,NaN,NaN,NaN,NaN,NaN,NaN,NaN,NaN,NaN,1.1016,0.7452,NaN,NaN,NaN,NaN,NaN,NaN,NaN,NaN,NaN,NaN,NaN,0.7452,NaN,NaN,NaN,NaN,NaN,NaN,NaN,NaN,NaN,NaN,NaN,NaN,NaN,NaN,NaN,NaN,NaN,NaN
2.4624,2.2032,3.0456,1.458,1.7496,1.7496,1.7496,1.5228,1.8468,1.5876,1.3284,3.5964,1.5552,1.5228,2.6568,NaN,1.3608,1.1016,1.62,1.3284,1.458,2.2032,2.1384,1.4256,1.3932,0.7452,1.2312,1.458,1.1988,1.1664,NaN,1.2636,1.296,1.6524,1.3932,NaN,NaN,1.8468,NaN,NaN,NaN,1.0368,NaN,NaN,NaN,NaN,0.8424,NaN,NaN,0.9072
1.8144,1.782,1.8468,1.7172,1.7496,1.6848,NaN,NaN,NaN,NaN,NaN,NaN,NaN,NaN,NaN,NaN,NaN,NaN,NaN,NaN,NaN,NaN,NaN,NaN,NaN,NaN,NaN,NaN,NaN,NaN,NaN,NaN,NaN,NaN,NaN,NaN,NaN,NaN,NaN,NaN,NaN,NaN,NaN,NaN,NaN,NaN,NaN,NaN,NaN,NaN
2.916,2.5272,2.4624,2.268,2.8188,2.0088,2.5272,2.592,2.3004,3.3048,2.1384,2.7864,2.268,1.782,2.106,1.5552,1.1016,2.268,3.1428,2.754,1.3608,1.944,0.8748,1.2312,1.1988,1.2636,1.1988,1.3608,NaN,1.2312,NaN,0.81,NaN,1.3608,2.268,NaN,NaN,NaN,NaN,0.7452,NaN,0.8748,NaN,NaN,NaN,NaN,NaN,NaN,NaN,NaN
0.7452,0.9396,NaN,0.8748,NaN,0.8748,0.8748,1.0692,1.3932,NaN,NaN,0.7776,NaN,0.9396,1.1016,NaN,NaN,NaN,NaN,0.9396,NaN,NaN,NaN,0.81,1.0692,NaN,0.7452,NaN,NaN,NaN,NaN,0.7776,NaN,0.81,NaN,NaN,NaN,NaN,NaN,NaN,NaN,NaN,NaN,NaN,NaN,NaN,NaN,NaN,NaN,NaN
3.3696,2.8188,2.754,1.2312,1.2312,1.296,0.7452,NaN,NaN,NaN,NaN,NaN,NaN,NaN,NaN,NaN,NaN,NaN,NaN,NaN,NaN,NaN,NaN,NaN,NaN,NaN,NaN,NaN,NaN,NaN,NaN,NaN,NaN,NaN,NaN,NaN,NaN,NaN,NaN,NaN,NaN,NaN,NaN,NaN,NaN,NaN,NaN,NaN,NaN,NaN
0.81,1.5876,1.5876,NaN,1.1016,1.3608,0.8748,1.0368,1.1016,1.9116,1.3284,1.0044,NaN,1.4904,NaN,0.81,0.7776,NaN,NaN,1.0692,NaN,NaN,NaN,1.0368,1.1016,NaN,0.9072,NaN,NaN,1.0368,NaN,0.8424,0.9072,NaN,0.81,NaN,NaN,NaN,NaN,NaN,NaN,NaN,NaN,NaN,NaN,NaN,NaN,NaN,NaN,NaN
2.3652,4.3416,3.7584,NaN,NaN,NaN,NaN,2.754,1.9764,NaN,NaN,1.944,1.62,1.9764,1.8792,1.7172,1.3932,1.5876,1.8468,1.6848,1.5876,1.5228,1.7172,1.6524,1.5876,1.4904,1.782,1.4256,1.6524,1.5876,1.6524,1.4904,1.782,1.6524,1.7172,1.5876,1.3608,1.3932,1.458,1.458,1.296,1.4256,1.1664,1.2636,NaN,NaN,1.0044,NaN,NaN,1.0044
1.3284,1.3284,0.8748,1.3608,1.8468,1.1016,NaN,NaN,0.8748,0.8748,0.9396,NaN,0.81,0.9396,0.9072,NaN,1.944,NaN,0.9396,NaN,NaN,NaN,NaN,NaN,NaN,NaN,NaN,NaN,1.3284,NaN,NaN,NaN,NaN,NaN,NaN,NaN,NaN,NaN,NaN,NaN,0.7452,NaN,NaN,0.7452,NaN,NaN,NaN,NaN,0.81,NaN
0.9396,1.5228,2.8836,NaN,1.2312,1.4256,1.3284,1.5876,1.296,1.3284,1.3284,1.1016,NaN,1.7496,1.134,1.1988,1.4256,1.7496,1.2312,2.0736,NaN,0.7452,NaN,NaN,NaN,NaN,NaN,1.6848,1.0692,1.0692,NaN,1.4256,NaN,NaN,NaN,1.1016,NaN,NaN,NaN,NaN,NaN,NaN,NaN,NaN,NaN,NaN,NaN,NaN,NaN,NaN
0.8424,0.81,NaN,NaN,NaN,NaN,0.9396,1.3932,NaN,0.7776,NaN,NaN,NaN,NaN,NaN,NaN,1.2636,NaN,NaN,NaN,NaN,1.1016,0.81,NaN,NaN,1.5228,NaN,NaN,NaN,NaN,NaN,NaN,NaN,NaN,NaN,NaN,NaN,NaN,NaN,NaN,NaN,NaN,NaN,NaN,NaN,NaN,NaN,NaN,NaN,NaN
1.8792,2.106,1.5552,NaN,NaN,1.0692,1.9764,2.3976,1.944,NaN,NaN,1.458,1.5876,NaN,NaN,NaN,NaN,NaN,NaN,NaN,NaN,NaN,1.7172,NaN,NaN,1.3932,1.1988,0.8748,1.2636,NaN,1.3608,NaN,NaN,1.6848,NaN,NaN,NaN,NaN,NaN,1.2312,1.5228,NaN,0.9396,0.9072,NaN,NaN,1.2636,NaN,1.4904,1.7172
1.2636,1.0044,1.62,1.62,1.0692,1.6848,1.6524,1.3932,1.1988,1.8468,1.8468,1.62,1.3608,1.4904,1.5228,1.3932,1.1664,1.0044,1.1016,1.1664,1.1016,1.0368,1.134,0.8748,0.8748,0.8748,1.0368,1.2312,1.0044,1.1664,0.7452,0.9396,NaN,1.1664,1.458,1.1664,1.3932,1.3284,NaN,1.2312,1.0368,1.4256,1.134,NaN,1.1664,NaN,1.134,NaN,NaN,0.972
1.6848,0.8748,1.4256,1.62,1.4256,1.8144,2.2032,1.0044,0.9396,1.6848,NaN,1.3608,1.5876,1.296,2.6244,2.0736,NaN,NaN,NaN,NaN,NaN,NaN,NaN,0.7452,NaN,NaN,NaN,NaN,NaN,NaN,NaN,NaN,NaN,NaN,0.7452,NaN,NaN,NaN,0.972,NaN,0.972,1.6848,NaN,NaN,NaN,NaN,NaN,NaN,1.2312,NaN
1.458,1.4256,1.4904,1.3284,1.458,1.3284,1.458,1.5228,1.3284,1.458,1.1988,1.3284,1.5228,1.62,1.5228,1.458,1.458,1.62,1.4256,1.4256,1.1664,1.4904,1.4904,1.296,1.296,0.972,1.3932,1.3284,1.3284,1.458,1.3932,1.5228,1.4904,1.3284,1.3932,1.3284,1.2312,1.296,1.0692,1.3608,1.1664,1.296,1.0044,1.1664,1.1016,1.2312,1.2312,1.0692,1.1016,1.1016
0.8424,1.1016,NaN,0.9072,0.81,1.0368,NaN,1.1664,1.1988,1.0692,NaN,1.2312,0.81,0.9396,NaN,NaN,0.9396,0.9396,0.9396,0.9396,NaN,1.1016,1.134,0.8424,0.8424,1.0368,1.0044,NaN,NaN,NaN,1.4256,0.81,0.8748,NaN,0.9396,1.0692,0.7452,1.0692,0.9072,1.0368,0.9072,1.0044,NaN,NaN,0.8424,0.7776,0.972,0.972,NaN,NaN
0.9396,NaN,1.1664,NaN,1.0368,0.9396,1.1988,0.972,0.7776,1.296,1.0692,1.134,1.0368,1.3284,0.9396,1.134,1.2312,1.2312,1.3608,1.296,1.3284,1.2312,1.5876,1.5552,1.7496,1.2636,1.5876,1.3608,1.1664,1.5552,1.4256,NaN,1.1016,1.3284,1.4904,1.5228,NaN,1.3932,1.296,1.62,1.0692,1.134,1.2312,1.3932,1.0044,NaN,1.2312,1.134,1.0368,1.1664
1.0044,0.81,1.1016,1.0044,0.7452,0.972,0.81,1.1016,0.81,0.972,NaN,0.9072,1.0044,0.81,0.972,NaN,NaN,0.7452,1.134,0.972,0.7452,1.5228,1.2636,1.0368,1.1664,1.296,1.1988,0.972,1.2636,0.972,NaN,1.1664,1.0692,1.1988,1.1988,1.134,0.9072,0.972,NaN,0.9072,1.1988,1.1664,1.296,1.0368,1.0044,1.134,NaN,1.134,0.9072,NaN
2.3004,1.1664,1.7172,1.296,NaN,1.134,1.134,1.1988,2.3652,2.2356,0.7776,2.0412,2.0088,1.9764,1.458,1.9116,2.3652,1.944,2.2032,1.3284,0.81,2.106,2.3328,1.3932,2.4948,2.43,1.6524,1.3932,1.458,2.5272,1.9764,1.7172,2.1708,1.0692,1.4256,1.0692,0.8424,1.5552,NaN,NaN,1.2312,0.81,1.2312,1.134,0.81,0.8748,NaN,NaN,0.8748,NaN
0.8424,NaN,NaN,NaN,0.8748,NaN,NaN,NaN,NaN,NaN,NaN,NaN,NaN,NaN,NaN,NaN,NaN,NaN,2.0736,1.4904,NaN,NaN,0.8424,1.134,NaN,NaN,NaN,NaN,NaN,NaN,NaN,NaN,NaN,NaN,NaN,NaN,NaN,NaN,NaN,NaN,NaN,NaN,NaN,NaN,NaN,NaN,NaN,NaN,NaN,NaN
1.458,0.7776,1.4904,1.0692,1.7496,1.5228,0.7452,0.81,0.7452,1.6524,0.7776,0.9396,0.8748,NaN,1.6848,1.2636,NaN,NaN,NaN,NaN,NaN,NaN,NaN,NaN,NaN,NaN,NaN,NaN,NaN,NaN,NaN,NaN,NaN,NaN,NaN,NaN,NaN,NaN,NaN,NaN,NaN,NaN,NaN,NaN,NaN,NaN,NaN,NaN,NaN,NaN
0.8424,NaN,1.296,1.8144,NaN,NaN,2.2356,NaN,NaN,0.81,NaN,1.3284,NaN,NaN,NaN,NaN,NaN,NaN,NaN,NaN,NaN,0.8748,0.7776,NaN,NaN,NaN,NaN,NaN,NaN,NaN,NaN,NaN,NaN,NaN,NaN,NaN,NaN,NaN,NaN,NaN,NaN,NaN,NaN,NaN,NaN,NaN,NaN,NaN,NaN,NaN
0.8424,NaN,1.944,1.8144,NaN,NaN,NaN,NaN,1.8144,1.3608,NaN,NaN,1.8468,0.7452,1.0692,1.2636,NaN,1.4256,1.134,NaN,2.0088,0.9072,0.7776,NaN,0.9072,NaN,NaN,NaN,NaN,0.9072,NaN,NaN,NaN,NaN,NaN,NaN,NaN,NaN,NaN,NaN,NaN,NaN,NaN,NaN,NaN,NaN,NaN,NaN,NaN,NaN
1.5552,2.43,2.0736,1.62,2.1708,1.5876,2.2032,1.1016,1.1988,1.9116,0.972,2.6244,NaN,1.134,1.0044,1.8792,2.3328,0.9396,1.4256,NaN,0.7776,NaN,NaN,1.296,1.458,1.134,1.2312,1.1016,0.8424,1.7172,0.972,2.3976,2.268,1.2312,NaN,NaN,0.8748,0.7452,0.8748,NaN,0.8424,1.1664,1.3932,NaN,NaN,NaN,NaN,NaN,NaN,NaN
0.9072,0.9072,NaN,0.81,NaN,NaN,NaN,NaN,0.8424,NaN,NaN,1.2312,NaN,1.134,NaN,NaN,NaN,0.9396,NaN,1.1988,NaN,NaN,0.9396,NaN,0.9072,NaN,NaN,NaN,NaN,NaN,NaN,0.7452,NaN,NaN,NaN,NaN,NaN,NaN,NaN,NaN,NaN,NaN,NaN,NaN,NaN,NaN,NaN,NaN,NaN,NaN
0.7452,NaN,NaN,NaN,NaN,NaN,NaN,NaN,1.4904,NaN,1.1016,0.7452,NaN,NaN,NaN,NaN,0.8424,NaN,NaN,NaN,NaN,NaN,0.7776,1.2636,NaN,NaN,NaN,NaN,NaN,NaN,NaN,NaN,NaN,NaN,NaN,NaN,NaN,NaN,NaN,NaN,NaN,NaN,NaN,NaN,NaN,NaN,NaN,NaN,NaN,NaN
1.62,1.1664,1.0692,1.458,1.5552,1.782,1.782,1.62,1.4256,1.9116,1.5228,1.1988,1.782,1.5876,1.8468,1.8144,1.782,1.4904,2.106,2.268,1.9116,2.4948,1.296,1.8468,2.268,1.2636,1.3284,1.6524,2.1708,2.2032,1.8144,2.1708,1.8468,1.7172,1.8792,1.8468,1.296,2.7864,2.0412,1.4256,1.7496,2.1384,1.7172,1.8144,1.0044,1.5876,1.2312,2.0088,2.0736,2.0736
0.8748,1.1664,1.1016,NaN,NaN,0.81,NaN,0.7776,NaN,0.81,NaN,NaN,NaN,NaN,1.1664,NaN,NaN,1.1664,1.3608,NaN,0.972,0.7776,1.0692,NaN,1.3608,1.296,1.0692,0.81,1.3608,1.0044,1.1988,0.9396,1.1664,1.2312,1.134,1.0692,1.0044,1.2312,1.1016,0.9072,1.1988,1.1016,0.9072,NaN,NaN,0.9072,NaN,NaN,NaN,0.7776
0.7452,2.0736,1.0368,NaN,NaN,NaN,NaN,NaN,NaN,NaN,1.1988,1.7496,NaN,0.972,NaN,NaN,NaN,1.7172,0.8424,NaN,NaN,NaN,NaN,NaN,NaN,NaN,NaN,NaN,NaN,NaN,NaN,1.8144,NaN,NaN,NaN,NaN,NaN,NaN,NaN,NaN,NaN,NaN,NaN,NaN,NaN,NaN,NaN,NaN,NaN,NaN
2.1384,1.9764,2.0412,1.9764,0.8748,1.0692,1.3284,1.3608,1.9764,1.2312,1.7172,1.296,1.6848,2.0736,NaN,1.134,0.972,1.944,1.6524,1.7172,NaN,0.81,2.1708,1.782,0.81,1.9764,1.7172,1.0044,NaN,1.4904,NaN,NaN,NaN,0.9396,NaN,0.8748,NaN,0.8424,NaN,NaN,NaN,NaN,NaN,NaN,NaN,NaN,NaN,NaN,NaN,NaN
2.43,1.944,1.5876,2.43,2.4624,1.4256,2.0736,2.5272,2.268,2.2356,1.944,2.3976,1.8468,1.8468,0.81,1.0368,2.5596,2.43,2.2356,0.972,1.7496,2.268,2.7216,0.9396,1.6848,1.3284,1.6848,1.6524,1.0692,0.9396,0.7776,1.0368,1.296,1.6524,1.8144,NaN,NaN,NaN,NaN,NaN,NaN,NaN,NaN,NaN,NaN,NaN,NaN,NaN,NaN,NaN
1.1664,0.972,1.1664,0.9072,0.972,1.0368,1.1016,1.0044,1.1016,1.1988,1.1016,1.1988,0.9072,1.2636,1.1016,0.9072,0.8424,1.1016,0.81,1.1988,0.8424,1.0368,0.8748,1.1016,1.1664,1.1664,NaN,NaN,0.7452,1.2312,0.8748,NaN,0.7776,NaN,NaN,NaN,NaN,0.8424,NaN,NaN,NaN,NaN,NaN,NaN,NaN,NaN,NaN,NaN,NaN,NaN
0.9072,0.8424,1.1988,1.1664,NaN,1.5552,NaN,NaN,NaN,1.2312,0.7776,0.8424,1.2312,0.81,NaN,NaN,NaN,1.2636,NaN,NaN,NaN,NaN,1.2636,NaN,NaN,0.8424,NaN,NaN,NaN,NaN,NaN,NaN,NaN,NaN,NaN,NaN,NaN,NaN,NaN,NaN,NaN,NaN,NaN,NaN,NaN,NaN,NaN,NaN,NaN,NaN
1.0368,1.2636,1.1016,1.0368,1.1988,0.9072,1.1016,2.0088,1.3284,2.0412,0.972,0.9072,1.1988,1.0044,0.9072,0.972,1.1664,0.81,0.7452,NaN,NaN,0.8424,1.8144,1.62,1.8468,1.3608,1.7172,1.6524,NaN,1.458,NaN,1.0044,1.1988,1.7496,NaN,1.2312,NaN,NaN,NaN,NaN,NaN,NaN,NaN,NaN,NaN,NaN,NaN,NaN,NaN,NaN
2.268,2.0412,2.2356,1.9764,1.9116,2.2356,2.1384,1.9764,2.106,2.4624,1.9764,2.3328,2.0736,2.0088,2.106,2.2356,2.106,2.2032,2.0088,2.0088,1.6524,2.1708,2.268,1.9116,2.268,1.7172,2.0088,1.944,1.944,1.8792,1.6848,1.7172,1.5552,1.62,1.8792,1.6524,1.9116,1.1988,NaN,NaN,0.972,1.134,1.5552,1.5228,0.7452,NaN,NaN,NaN,NaN,NaN
1.7496,1.296,1.2312,NaN,NaN,NaN,NaN,NaN,NaN,NaN,NaN,NaN,NaN,NaN,NaN,NaN,NaN,NaN,NaN,NaN,NaN,NaN,NaN,NaN,NaN,NaN,NaN,NaN,NaN,NaN,NaN,NaN,NaN,NaN,NaN,NaN,NaN,NaN,NaN,NaN,NaN,NaN,NaN,NaN,NaN,NaN,NaN,NaN,NaN,NaN
1.5876,1.3608,0.8748,0.8424,NaN,0.9072,1.8792,2.2032,NaN,NaN,NaN,1.8144,NaN,NaN,NaN,NaN,NaN,NaN,NaN,NaN,NaN,NaN,0.972,NaN,1.5228,NaN,NaN,NaN,NaN,NaN,NaN,NaN,NaN,NaN,0.9072,NaN,NaN,NaN,NaN,NaN,NaN,NaN,NaN,NaN,NaN,NaN,NaN,NaN,NaN,NaN
NaN,1.0044,2.43,1.7496,1.7172,1.5876,2.6568,1.5552,NaN,NaN,NaN,NaN,NaN,NaN,NaN,NaN,NaN,NaN,NaN,NaN,NaN,NaN,NaN,NaN,NaN,NaN,NaN,NaN,NaN,NaN,NaN,NaN,NaN,NaN,NaN,NaN,NaN,NaN,NaN,NaN,NaN,NaN,NaN,NaN,NaN,NaN,NaN,NaN,NaN,NaN
NaN,1.2312,NaN,NaN,NaN,NaN,NaN,NaN,NaN,3.1104,3.4668,NaN,3.9852,NaN,NaN,3.4344,4.3092,NaN,NaN,4.1148,2.106,3.564,NaN,NaN,NaN,NaN,NaN,5.3784,NaN,5.3784,2.8836,3.5964,6.0588,6.5448,5.994,4.0176,NaN,NaN,1.6848,NaN,NaN,2.4948,3.6612,3.3048,4.3092,2.9484,NaN,4.2768,NaN,4.3416
NaN,0.9072,NaN,0.8424,NaN,NaN,NaN,NaN,NaN,0.7452,NaN,NaN,NaN,NaN,NaN,NaN,NaN,NaN,NaN,NaN,NaN,NaN,NaN,NaN,NaN,NaN,NaN,NaN,NaN,NaN,NaN,NaN,NaN,NaN,NaN,NaN,NaN,NaN,NaN,NaN,NaN,NaN,NaN,NaN,NaN,NaN,NaN,NaN,NaN,NaN
NaN,2.3976,2.0736,2.6568,2.3652,2.3328,2.6568,2.6568,2.43,2.6244,1.9116,2.3328,2.4624,2.3652,2.43,2.0736,1.9116,1.7172,2.0736,2.0088,2.4948,2.268,1.9764,1.7496,1.8144,2.106,2.0736,1.9116,2.2356,2.106,2.2032,1.9116,2.2032,1.9764,2.1708,1.7172,1.6524,2.6568,1.8792,1.6524,2.0412,2.106,0.9396,0.7452,NaN,NaN,NaN,NaN,NaN,NaN
NaN,0.8424,1.1988,1.134,0.972,0.8424,0.7776,0.7776,NaN,NaN,NaN,NaN,1.3284,1.1664,0.81,0.8424,0.9396,1.1988,1.1016,0.8748,1.1016,1.4256,1.458,NaN,1.5228,1.2312,NaN,1.2312,1.1016,2.3652,1.8144,1.7496,1.782,1.5552,1.296,1.1664,1.0692,1.458,1.2312,0.9396,1.7172,1.9764,1.1988,1.0368,0.8748,1.458,1.1664,0.8424,1.3932,1.5552
NaN,2.6244,NaN,NaN,NaN,1.7496,2.9808,1.0044,2.1384,2.4948,2.3004,1.7172,1.4904,2.0412,1.9116,1.0044,1.62,1.3608,2.7864,NaN,NaN,1.3932,2.9808,NaN,NaN,NaN,NaN,NaN,NaN,NaN,NaN,0.8424,0.8424,NaN,NaN,NaN,NaN,NaN,NaN,NaN,NaN,NaN,NaN,NaN,NaN,NaN,NaN,NaN,NaN,NaN
NaN,1.5228,NaN,NaN,1.5876,NaN,1.7496,NaN,NaN,NaN,NaN,NaN,NaN,NaN,2.2032,2.2032,NaN,1.2312,1.1016,1.2312,NaN,NaN,NaN,NaN,NaN,NaN,NaN,NaN,NaN,NaN,0.7452,NaN,NaN,NaN,NaN,0.7776,NaN,0.8748,NaN,NaN,NaN,1.1988,NaN,NaN,NaN,NaN,NaN,NaN,NaN,NaN
NaN,0.7776,0.9396,1.4256,0.9072,NaN,1.2312,1.458,1.5876,1.5228,0.81,1.7496,0.8424,1.3284,1.1988,1.9116,1.1016,1.0044,1.3608,1.134,NaN,0.9072,1.4904,1.0044,1.0692,0.8748,0.7452,1.4904,1.0368,1.0692,0.9396,1.296,0.9396,1.3608,0.9396,1.1664,0.8424,1.3284,NaN,NaN,NaN,0.81,NaN,NaN,NaN,NaN,NaN,NaN,NaN,NaN
NaN,2.2356,NaN,NaN,NaN,NaN,NaN,NaN,NaN,NaN,NaN,1.8792,NaN,NaN,NaN,1.6848,NaN,NaN,1.944,NaN,0.81,NaN,1.9116,1.5228,1.9116,1.458,1.5552,1.9116,NaN,1.134,1.7172,2.0088,1.7496,1.4256,1.6848,NaN,NaN,1.2312,0.8424,NaN,NaN,NaN,1.296,NaN,NaN,NaN,NaN,NaN,NaN,NaN
NaN,1.1016,1.3284,1.5228,2.268,NaN,1.4256,1.0692,1.458,NaN,NaN,1.5876,NaN,NaN,NaN,0.8424,0.8748,1.0692,1.1988,1.3932,NaN,1.1664,0.9396,0.8748,1.0368,1.5228,1.2312,1.62,1.2636,1.4256,0.9072,1.5876,1.2636,NaN,1.3932,1.4256,1.3284,1.4904,NaN,1.0368,1.134,NaN,1.4256,1.3608,0.7452,0.972,0.972,0.8424,1.134,1.134
NaN,2.106,1.8792,1.8792,2.9808,2.9484,2.916,1.0044,NaN,NaN,NaN,NaN,NaN,NaN,NaN,NaN,NaN,NaN,NaN,NaN,0.81,NaN,NaN,NaN,NaN,0.8424,NaN,NaN,NaN,0.7776,NaN,NaN,NaN,NaN,NaN,0.8748,NaN,NaN,NaN,NaN,0.7776,NaN,NaN,0.9396,0.8748,NaN,NaN,0.8748,NaN,1.1664
NaN,1.458,NaN,1.3284,NaN,NaN,NaN,NaN,NaN,NaN,NaN,NaN,NaN,NaN,NaN,NaN,NaN,NaN,NaN,NaN,NaN,NaN,NaN,NaN,NaN,NaN,NaN,NaN,NaN,NaN,NaN,NaN,NaN,NaN,NaN,NaN,NaN,NaN,NaN,NaN,NaN,NaN,NaN,NaN,NaN,NaN,NaN,NaN,NaN,NaN
NaN,3.2724,2.3976,2.2032,2.43,1.4256,1.2636,NaN,2.3976,NaN,NaN,NaN,0.9072,0.8748,1.0044,2.1384,1.6848,0.81,NaN,2.9484,2.2356,NaN,NaN,0.9396,NaN,1.4256,NaN,NaN,2.0088,1.9764,NaN,1.9116,NaN,NaN,NaN,NaN,NaN,NaN,NaN,NaN,NaN,NaN,NaN,NaN,NaN,NaN,NaN,NaN,NaN,NaN
NaN,2.9808,1.0692,NaN,1.7496,0.81,NaN,NaN,NaN,NaN,0.7776,NaN,NaN,NaN,NaN,NaN,NaN,NaN,NaN,NaN,NaN,NaN,NaN,1.1988,NaN,1.1664,NaN,NaN,NaN,2.0088,NaN,NaN,1.134,NaN,NaN,NaN,NaN,2.4624,NaN,NaN,NaN,NaN,NaN,1.7496,NaN,NaN,1.5552,NaN,1.5552,NaN
NaN,1.944,2.8512,1.944,0.7452,0.9396,NaN,1.3284,1.458,0.9396,NaN,1.3932,0.9072,1.4256,NaN,2.5596,NaN,1.6524,1.4904,NaN,1.782,1.0692,NaN,NaN,NaN,NaN,NaN,NaN,0.972,NaN,0.7452,1.3284,NaN,0.8424,NaN,1.2312,0.7776,0.9396,0.9072,0.9396,1.0044,1.134,1.1664,1.2312,0.7776,NaN,NaN,NaN,NaN,0.7776
NaN,1.3932,1.134,1.7496,NaN,0.972,1.62,1.2636,1.1664,1.3608,NaN,NaN,NaN,NaN,NaN,1.0368,1.1016,1.134,1.6848,NaN,NaN,NaN,NaN,NaN,NaN,NaN,NaN,NaN,NaN,NaN,NaN,1.0044,NaN,NaN,NaN,NaN,NaN,NaN,NaN,NaN,NaN,NaN,NaN,NaN,NaN,NaN,NaN,NaN,NaN,NaN
NaN,1.2312,0.8424,NaN,1.296,1.9764,NaN,1.8468,1.8792,1.0368,NaN,NaN,1.3932,1.3284,1.1988,0.8424,NaN,1.8792,NaN,1.2636,NaN,NaN,NaN,1.1988,1.0044,NaN,NaN,NaN,NaN,NaN,NaN,NaN,NaN,NaN,NaN,NaN,NaN,NaN,NaN,NaN,NaN,NaN,NaN,NaN,NaN,NaN,NaN,NaN,NaN,NaN
NaN,1.3932,1.296,2.1708,1.62,1.1988,1.4256,1.296,1.134,1.8144,1.782,1.3284,2.106,1.6524,1.7496,1.944,2.3976,1.6848,1.3284,2.7864,1.5876,1.458,2.43,NaN,1.5876,1.458,1.7496,1.9116,2.2032,2.8188,NaN,2.6244,NaN,2.9484,3.1104,2.6568,NaN,1.1664,1.782,NaN,0.8424,1.2312,0.9072,1.134,1.5228,0.8748,1.782,1.8792,1.782,1.7496
NaN,0.9072,0.7776,0.7776,0.7776,NaN,NaN,NaN,0.7776,0.81,0.7452,0.7776,0.7776,NaN,0.7776,0.9396,NaN,1.3608,0.8424,0.7452,NaN,0.8424,NaN,NaN,0.7776,NaN,0.7776,0.7452,0.7452,NaN,NaN,0.81,0.81,0.9396,0.8748,NaN,NaN,0.7452,NaN,0.7452,NaN,0.7452,NaN,NaN,0.81,NaN,NaN,NaN,NaN,NaN
NaN,0.81,NaN,0.9396,NaN,0.9396,0.9396,1.1016,1.0368,1.0044,NaN,0.7452,0.8424,1.8792,NaN,NaN,0.7776,NaN,NaN,NaN,NaN,0.81,NaN,NaN,NaN,0.7452,NaN,0.8424,NaN,NaN,0.7452,0.8424,NaN,NaN,NaN,NaN,NaN,0.7452,NaN,NaN,NaN,NaN,NaN,0.7776,NaN,NaN,NaN,NaN,NaN,NaN
NaN,0.8424,NaN,0.7776,1.1988,NaN,NaN,1.2636,1.1988,NaN,NaN,1.3932,1.0368,0.9396,NaN,NaN,1.296,0.9396,0.7452,1.4256,1.1664,NaN,NaN,0.7452,NaN,NaN,NaN,1.0044,NaN,NaN,NaN,NaN,0.9396,NaN,NaN,NaN,NaN,NaN,NaN,NaN,NaN,NaN,NaN,NaN,NaN,NaN,NaN,NaN,NaN,NaN
NaN,0.7776,NaN,NaN,NaN,NaN,NaN,1.134,0.7776,0.9072,NaN,NaN,NaN,NaN,NaN,NaN,NaN,NaN,NaN,NaN,NaN,NaN,0.8748,NaN,1.0368,0.9396,NaN,NaN,NaN,NaN,NaN,NaN,NaN,NaN,NaN,NaN,NaN,NaN,NaN,NaN,NaN,NaN,NaN,NaN,NaN,NaN,NaN,NaN,NaN,NaN
NaN,0.9396,0.9396,NaN,0.7776,NaN,NaN,1.0692,0.9396,NaN,NaN,NaN,NaN,1.0692,NaN,NaN,1.1664,1.5552,0.9072,NaN,NaN,1.296,1.7172,0.9396,2.3652,NaN,NaN,NaN,1.0692,NaN,NaN,NaN,0.8424,NaN,NaN,NaN,NaN,NaN,NaN,NaN,NaN,NaN,1.134,NaN,NaN,1.134,0.8424,NaN,0.7452,NaN
NaN,1.2636,1.2636,1.0368,0.7452,1.1988,0.7776,0.81,1.0692,0.972,1.1664,1.2636,NaN,1.134,0.7776,0.9396,1.3932,NaN,NaN,NaN,NaN,NaN,1.0692,NaN,NaN,0.7452,NaN,NaN,NaN,NaN,NaN,NaN,NaN,NaN,0.7452,NaN,NaN,NaN,NaN,NaN,NaN,NaN,NaN,NaN,NaN,NaN,NaN,NaN,NaN,NaN
NaN,3.9528,NaN,NaN,1.944,1.134,NaN,1.0692,1.2636,NaN,1.2636,NaN,1.944,NaN,NaN,NaN,0.7452,NaN,NaN,NaN,NaN,NaN,NaN,NaN,NaN,NaN,NaN,NaN,0.7776,NaN,NaN,NaN,NaN,NaN,NaN,NaN,0.7452,NaN,0.7776,NaN,NaN,1.1988,0.8748,1.1664,NaN,0.81,0.7776,NaN,NaN,NaN
NaN,0.7452,NaN,NaN,0.81,NaN,NaN,0.7452,NaN,NaN,NaN,0.8424,NaN,NaN,NaN,NaN,0.8424,NaN,NaN,0.8424,0.81,NaN,NaN,NaN,NaN,NaN,NaN,NaN,NaN,0.81,NaN,NaN,NaN,NaN,NaN,NaN,NaN,NaN,NaN,NaN,NaN,NaN,NaN,NaN,NaN,NaN,NaN,NaN,NaN,NaN
NaN,0.8748,1.458,NaN,NaN,NaN,NaN,1.0368,NaN,0.7776,1.0692,NaN,NaN,NaN,NaN,NaN,NaN,1.3284,NaN,NaN,NaN,NaN,NaN,NaN,2.1384,NaN,NaN,NaN,NaN,0.9072,NaN,NaN,NaN,NaN,NaN,NaN,NaN,NaN,NaN,NaN,NaN,NaN,NaN,NaN,NaN,NaN,NaN,NaN,NaN,NaN
NaN,0.7776,NaN,1.296,0.7776,NaN,NaN,NaN,2.3004,2.1708,2.43,NaN,NaN,NaN,NaN,1.3932,1.6848,1.62,0.7452,0.7776,NaN,NaN,NaN,1.6524,NaN,NaN,NaN,0.7452,0.9072,0.972,NaN,NaN,0.972,1.134,NaN,1.2312,1.1016,NaN,NaN,NaN,NaN,NaN,NaN,NaN,NaN,NaN,NaN,NaN,NaN,NaN
NaN,NaN,3.7908,NaN,NaN,NaN,NaN,NaN,NaN,NaN,1.62,NaN,NaN,1.782,2.106,1.6524,3.24,1.9116,1.7172,1.62,1.5552,NaN,1.7172,NaN,1.4904,2.3328,NaN,4.05,2.2356,NaN,0.8424,NaN,NaN,NaN,NaN,1.5552,1.0044,2.1708,2.2032,NaN,1.6848,NaN,1.3932,NaN,1.0368,NaN,1.1988,1.3932,1.2312,1.458
NaN,NaN,2.3652,2.0088,NaN,NaN,4.5684,NaN,NaN,NaN,NaN,NaN,NaN,NaN,4.1148,2.1708,NaN,2.2032,2.592,3.9528,2.2356,2.5272,2.7216,2.6568,2.6568,2.4624,2.754,2.5596,2.4948,2.592,2.3976,2.43,1.2636,2.8512,2.6892,2.7864,2.43,2.5596,2.3652,2.592,2.4624,2.3652,2.43,2.43,2.106,2.3652,2.3328,2.268,2.106,2.3652
NaN,NaN,0.8424,NaN,NaN,NaN,NaN,NaN,0.7452,NaN,0.7776,NaN,0.7776,0.9072,NaN,NaN,NaN,0.81,0.8424,NaN,NaN,NaN,NaN,NaN,NaN,NaN,NaN,NaN,NaN,NaN,NaN,NaN,1.1988,NaN,0.8748,NaN,NaN,1.296,NaN,0.9396,NaN,0.9396,NaN,NaN,NaN,NaN,NaN,1.2636,1.5552,NaN
NaN,NaN,0.7776,NaN,NaN,NaN,NaN,1.3932,NaN,1.0044,0.7452,NaN,NaN,1.6524,NaN,NaN,1.5552,1.9764,1.8468,NaN,NaN,1.4904,1.7496,NaN,NaN,NaN,1.5552,1.9764,NaN,0.8424,NaN,NaN,NaN,NaN,NaN,NaN,NaN,NaN,NaN,NaN,NaN,NaN,NaN,NaN,NaN,NaN,NaN,NaN,NaN,NaN
NaN,NaN,1.458,NaN,NaN,1.1988,NaN,NaN,NaN,NaN,NaN,NaN,NaN,NaN,NaN,NaN,0.7452,NaN,NaN,NaN,NaN,NaN,NaN,NaN,NaN,NaN,NaN,NaN,NaN,NaN,NaN,NaN,1.3932,NaN,NaN,NaN,NaN,NaN,1.3608,NaN,1.134,NaN,1.1988,NaN,NaN,NaN,NaN,NaN,NaN,NaN
NaN,NaN,1.7172,NaN,NaN,NaN,NaN,0.81,NaN,NaN,NaN,NaN,NaN,NaN,NaN,NaN,NaN,NaN,NaN,2.9484,NaN,NaN,4.212,3.4668,NaN,NaN,NaN,1.5228,NaN,NaN,NaN,NaN,NaN,NaN,NaN,NaN,NaN,NaN,NaN,NaN,NaN,NaN,NaN,NaN,NaN,NaN,NaN,NaN,NaN,NaN
NaN,NaN,1.5876,NaN,1.1988,1.1664,1.134,0.972,NaN,0.81,NaN,NaN,NaN,NaN,0.8748,NaN,0.8424,NaN,0.8748,NaN,0.8424,NaN,NaN,0.9072,NaN,NaN,NaN,NaN,0.7776,NaN,NaN,NaN,NaN,1.0692,0.9072,NaN,NaN,NaN,NaN,NaN,NaN,NaN,NaN,NaN,NaN,NaN,NaN,NaN,NaN,NaN
NaN,NaN,0.9072,NaN,NaN,NaN,NaN,0.7776,1.0368,0.7452,NaN,1.2312,NaN,0.7776,NaN,0.972,1.4256,0.81,NaN,NaN,NaN,NaN,1.1016,NaN,NaN,NaN,NaN,NaN,NaN,0.8748,NaN,NaN,NaN,NaN,NaN,NaN,NaN,1.296,NaN,NaN,NaN,NaN,NaN,NaN,NaN,NaN,NaN,NaN,NaN,NaN
NaN,NaN,0.7452,NaN,NaN,NaN,NaN,NaN,NaN,NaN,NaN,0.7776,NaN,NaN,0.7776,NaN,NaN,NaN,NaN,NaN,NaN,NaN,NaN,NaN,NaN,NaN,NaN,NaN,1.6848,NaN,NaN,NaN,0.9072,0.7452,1.1016,NaN,NaN,NaN,NaN,NaN,NaN,1.5228,NaN,NaN,NaN,NaN,NaN,NaN,1.0368,NaN
NaN,NaN,NaN,1.0368,NaN,0.8424,NaN,0.7776,1.1988,2.106,NaN,NaN,NaN,NaN,NaN,NaN,NaN,NaN,NaN,NaN,NaN,NaN,NaN,NaN,NaN,NaN,NaN,NaN,NaN,NaN,NaN,NaN,NaN,NaN,NaN,NaN,NaN,NaN,NaN,NaN,NaN,NaN,NaN,NaN,NaN,NaN,NaN,NaN,NaN,NaN
NaN,NaN,NaN,0.7776,NaN,NaN,NaN,NaN,NaN,NaN,1.3608,2.0736,2.6892,2.43,2.4948,2.3976,1.2636,NaN,NaN,NaN,NaN,NaN,NaN,0.7452,NaN,1.2636,1.0692,NaN,NaN,NaN,NaN,NaN,NaN,NaN,NaN,1.296,NaN,NaN,NaN,1.6848,NaN,NaN,NaN,NaN,NaN,NaN,NaN,NaN,NaN,NaN
NaN,NaN,NaN,3.4992,1.7496,3.2076,3.6288,3.2724,3.7908,3.3696,3.4992,3.3048,3.3372,3.3696,3.3048,3.4344,3.402,3.4668,3.6936,3.402,3.4668,3.1752,3.4992,1.8792,3.1752,1.7172,3.3696,3.4668,3.0456,3.5316,3.1752,2.0088,2.1708,1.8792,3.2724,3.2724,NaN,3.078,NaN,1.4904,2.0736,NaN,NaN,NaN,2.0736,NaN,NaN,NaN,NaN,1.944
NaN,NaN,NaN,1.4904,NaN,NaN,NaN,NaN,NaN,2.8512,2.268,1.134,NaN,NaN,NaN,NaN,NaN,NaN,NaN,NaN,NaN,NaN,NaN,NaN,NaN,NaN,NaN,NaN,NaN,NaN,NaN,NaN,NaN,NaN,NaN,NaN,NaN,NaN,NaN,NaN,NaN,NaN,NaN,NaN,NaN,NaN,NaN,NaN,NaN,NaN
NaN,NaN,NaN,3.1104,NaN,NaN,NaN,2.8836,0.972,2.2356,NaN,NaN,NaN,3.888,NaN,2.8188,2.0736,NaN,NaN,3.6612,3.402,NaN,NaN,NaN,2.9484,NaN,3.8232,NaN,2.754,NaN,3.1428,2.6568,NaN,NaN,NaN,2.0412,NaN,NaN,NaN,NaN,NaN,NaN,NaN,NaN,NaN,NaN,NaN,NaN,NaN,3.6936
NaN,NaN,NaN,0.9072,NaN,NaN,NaN,NaN,0.81,NaN,1.2312,0.8424,1.5876,0.972,1.8792,0.7776,NaN,0.7776,1.7172,0.81,1.62,0.972,1.5552,1.1664,NaN,NaN,1.7172,1.458,0.8424,0.7452,NaN,NaN,1.0368,1.2312,0.9072,0.7776,NaN,0.7776,NaN,0.7776,0.7776,0.9072,NaN,NaN,NaN,NaN,NaN,1.0692,NaN,NaN
NaN,NaN,NaN,1.1664,NaN,NaN,NaN,0.7452,NaN,NaN,NaN,NaN,NaN,NaN,NaN,NaN,NaN,NaN,NaN,NaN,NaN,NaN,NaN,NaN,NaN,NaN,NaN,NaN,NaN,NaN,NaN,NaN,NaN,NaN,NaN,NaN,NaN,NaN,NaN,NaN,NaN,NaN,NaN,NaN,NaN,NaN,NaN,NaN,NaN,NaN
NaN,NaN,NaN,0.7452,1.1664,NaN,NaN,1.0044,NaN,NaN,1.3284,NaN,1.1664,NaN,NaN,NaN,NaN,NaN,NaN,NaN,NaN,0.972,2.7216,NaN,2.3652,1.8792,NaN,NaN,0.7776,1.3608,NaN,NaN,NaN,2.3004,NaN,1.9764,NaN,1.0692,NaN,NaN,NaN,NaN,NaN,NaN,NaN,NaN,NaN,NaN,NaN,NaN
NaN,NaN,NaN,1.4256,3.1752,2.3328,NaN,NaN,NaN,3.5964,3.3372,NaN,NaN,NaN,NaN,NaN,NaN,NaN,NaN,NaN,NaN,NaN,NaN,NaN,NaN,NaN,NaN,NaN,NaN,NaN,NaN,NaN,NaN,NaN,NaN,NaN,NaN,NaN,NaN,NaN,NaN,NaN,NaN,NaN,NaN,NaN,NaN,NaN,NaN,NaN
NaN,NaN,NaN,1.134,NaN,NaN,NaN,2.5272,NaN,NaN,0.7776,NaN,NaN,NaN,NaN,NaN,NaN,NaN,NaN,NaN,NaN,NaN,NaN,NaN,NaN,NaN,2.0412,NaN,NaN,NaN,NaN,NaN,NaN,2.1384,2.9484,NaN,NaN,NaN,NaN,NaN,NaN,NaN,NaN,NaN,NaN,NaN,NaN,NaN,NaN,NaN
NaN,NaN,NaN,1.62,NaN,NaN,NaN,NaN,NaN,NaN,NaN,NaN,NaN,NaN,NaN,NaN,NaN,NaN,NaN,0.8748,NaN,NaN,NaN,NaN,1.782,NaN,NaN,NaN,NaN,0.81,NaN,2.0736,NaN,NaN,1.2636,1.9764,NaN,2.0736,0.8424,NaN,NaN,1.3932,NaN,NaN,NaN,NaN,NaN,0.81,NaN,NaN
NaN,NaN,NaN,1.0044,NaN,NaN,0.8748,NaN,NaN,1.0692,NaN,1.1664,NaN,NaN,NaN,NaN,1.0368,1.0044,0.9396,1.5228,1.1664,0.972,NaN,0.9396,1.0044,NaN,NaN,1.0044,NaN,NaN,NaN,NaN,0.9072,NaN,NaN,1.1016,NaN,0.9396,NaN,NaN,NaN,NaN,NaN,0.81,NaN,NaN,NaN,NaN,NaN,NaN
NaN,NaN,NaN,0.7452,NaN,NaN,NaN,0.9396,NaN,NaN,NaN,NaN,0.7452,NaN,NaN,NaN,1.134,NaN,NaN,NaN,NaN,NaN,0.7776,NaN,NaN,NaN,NaN,NaN,NaN,0.7776,NaN,NaN,NaN,NaN,NaN,NaN,1.0368,NaN,NaN,NaN,NaN,NaN,NaN,NaN,NaN,NaN,NaN,NaN,NaN,NaN
NaN,NaN,NaN,0.81,NaN,NaN,NaN,NaN,NaN,NaN,NaN,NaN,NaN,NaN,NaN,NaN,0.972,NaN,1.7496,NaN,NaN,NaN,1.134,NaN,0.81,NaN,0.81,NaN,NaN,NaN,NaN,1.0044,NaN,NaN,NaN,NaN,NaN,NaN,NaN,NaN,NaN,NaN,NaN,NaN,NaN,NaN,NaN,NaN,NaN,NaN
NaN,NaN,NaN,NaN,5.8644,NaN,0.81,0.8748,0.9396,NaN,NaN,NaN,NaN,1.2636,1.0692,NaN,NaN,1.3284,NaN,NaN,0.7452,NaN,NaN,NaN,NaN,NaN,NaN,NaN,NaN,NaN,NaN,NaN,NaN,NaN,NaN,NaN,NaN,0.81,NaN,1.0044,1.9764,NaN,NaN,NaN,NaN,NaN,NaN,NaN,1.3284,NaN
NaN,NaN,NaN,NaN,7.3548,5.1192,6.48,5.3136,5.346,7.7112,9.0072,5.5404,NaN,NaN,7.614,NaN,7.452,7.8084,7.452,2.106,NaN,NaN,NaN,1.5552,NaN,2.1384,NaN,NaN,NaN,NaN,NaN,NaN,NaN,NaN,NaN,3.078,NaN,NaN,NaN,NaN,3.1752,NaN,5.0544,NaN,NaN,NaN,NaN,NaN,NaN,NaN
NaN,NaN,NaN,NaN,4.2768,NaN,NaN,1.62,NaN,1.8468,5.2488,5.4432,NaN,2.6892,NaN,NaN,NaN,NaN,NaN,NaN,NaN,NaN,NaN,1.62,2.0088,NaN,NaN,NaN,2.6244,NaN,1.6524,0.9396,2.0088,NaN,NaN,1.1664,0.81,NaN,1.944,NaN,1.0044,NaN,1.458,NaN,1.0692,NaN,NaN,NaN,NaN,NaN
NaN,NaN,NaN,NaN,1.0692,NaN,1.296,NaN,NaN,NaN,1.3932,1.6848,1.5876,1.5552,1.3932,2.43,2.4624,4.698,1.4256,2.0412,1.9116,0.7776,NaN,NaN,NaN,1.296,1.134,1.134,NaN,1.3608,1.0044,NaN,1.2312,NaN,0.8748,NaN,NaN,NaN,0.8424,NaN,1.0692,0.972,0.9396,NaN,2.0088,0.7452,NaN,NaN,1.1988,1.0044
NaN,NaN,NaN,NaN,1.0044,2.8512,NaN,3.1428,3.078,2.1708,NaN,0.8424,NaN,1.1016,2.8512,NaN,NaN,NaN,NaN,NaN,NaN,NaN,2.3004,2.4624,4.2444,NaN,NaN,NaN,3.6288,0.9396,NaN,2.0736,0.7776,NaN,NaN,NaN,NaN,NaN,NaN,1.134,NaN,NaN,NaN,1.1664,NaN,NaN,1.2312,NaN,NaN,NaN
NaN,NaN,NaN,NaN,1.4256,0.81,NaN,NaN,NaN,0.972,NaN,NaN,NaN,0.7776,NaN,NaN,NaN,NaN,NaN,1.1016,NaN,NaN,NaN,NaN,0.8748,NaN,NaN,NaN,NaN,NaN,NaN,NaN,NaN,NaN,NaN,NaN,NaN,NaN,NaN,NaN,NaN,NaN,NaN,NaN,NaN,NaN,NaN,NaN,NaN,NaN
NaN,NaN,NaN,NaN,1.134,1.134,1.8792,2.8512,NaN,NaN,NaN,NaN,NaN,NaN,NaN,NaN,NaN,NaN,NaN,NaN,NaN,NaN,0.7776,NaN,0.8748,NaN,1.3284,NaN,NaN,NaN,NaN,NaN,NaN,NaN,NaN,NaN,NaN,NaN,NaN,NaN,NaN,NaN,1.0692,1.1016,NaN,0.8424,NaN,NaN,NaN,NaN
NaN,NaN,NaN,NaN,NaN,1.5876,2.3976,2.5596,0.972,1.5876,NaN,2.7864,0.8424,1.7496,NaN,0.7776,NaN,NaN,NaN,NaN,0.7452,NaN,NaN,NaN,NaN,NaN,0.9396,1.134,1.3932,NaN,1.1988,NaN,0.7776,1.6848,NaN,1.1988,0.9396,NaN,NaN,NaN,1.7172,NaN,0.9396,0.7452,NaN,NaN,NaN,0.8424,NaN,NaN
NaN,NaN,NaN,NaN,NaN,2.0412,1.4256,2.3328,1.944,NaN,NaN,1.8792,1.458,1.8144,NaN,2.268,NaN,NaN,NaN,2.268,NaN,NaN,NaN,1.458,NaN,1.9116,NaN,1.9764,NaN,NaN,1.4256,NaN,1.458,1.5876,2.2356,2.3328,1.7496,2.106,0.972,1.5552,2.0412,NaN,1.134,0.9072,1.8792,1.296,1.0692,1.1016,0.972,1.1664
NaN,NaN,NaN,NaN,NaN,1.1016,NaN,NaN,NaN,1.0692,NaN,1.9116,NaN,1.9764,1.944,1.782,1.782,NaN,NaN,NaN,NaN,NaN,2.0412,NaN,2.0412,NaN,NaN,NaN,NaN,NaN,NaN,NaN,NaN,NaN,NaN,NaN,NaN,NaN,1.296,NaN,0.8424,0.9072,1.4256,NaN,1.1988,1.0044,1.1988,1.2312,1.2312,NaN
NaN,NaN,NaN,NaN,NaN,2.0088,1.5228,NaN,1.0368,0.81,NaN,NaN,NaN,0.81,NaN,NaN,NaN,NaN,0.9072,NaN,2.1708,2.106,NaN,NaN,2.2356,NaN,1.62,NaN,1.134,1.5876,1.1988,1.782,1.3284,NaN,NaN,NaN,NaN,NaN,0.7776,NaN,NaN,NaN,0.972,NaN,NaN,NaN,NaN,NaN,NaN,NaN
NaN,NaN,NaN,NaN,NaN,3.8232,8.3592,6.2208,3.564,3.3048,2.1708,NaN,NaN,3.0132,NaN,NaN,NaN,NaN,NaN,NaN,NaN,NaN,NaN,NaN,NaN,NaN,5.994,NaN,NaN,NaN,NaN,NaN,NaN,NaN,NaN,NaN,3.1428,NaN,NaN,NaN,NaN,NaN,NaN,NaN,NaN,NaN,NaN,NaN,NaN,NaN
NaN,NaN,NaN,NaN,NaN,0.8748,NaN,NaN,NaN,NaN,NaN,NaN,1.1664,NaN,1.1664,NaN,0.972,NaN,NaN,0.9072,NaN,0.9072,1.2636,NaN,0.9072,0.7452,NaN,1.1016,NaN,1.3608,0.8748,NaN,0.8424,1.3932,NaN,1.296,0.972,NaN,NaN,NaN,NaN,NaN,0.7776,NaN,NaN,NaN,NaN,NaN,NaN,NaN
NaN,NaN,NaN,NaN,NaN,NaN,3.888,NaN,NaN,NaN,5.6376,4.4712,5.022,5.3136,NaN,3.7908,5.67,6.3504,NaN,5.6376,5.0868,5.7672,5.3784,NaN,NaN,NaN,5.0544,5.184,4.2444,NaN,2.106,3.564,1.4256,NaN,NaN,NaN,1.7496,4.7952,NaN,NaN,2.1384,3.7908,2.3328,NaN,NaN,1.3284,1.9764,1.5228,NaN,NaN
NaN,NaN,NaN,NaN,NaN,NaN,1.296,3.0456,NaN,NaN,NaN,NaN,NaN,NaN,1.0692,1.62,NaN,1.2312,1.6848,1.8144,NaN,0.7452,NaN,NaN,NaN,NaN,NaN,0.972,NaN,0.8424,0.7452,1.0044,NaN,NaN,0.9396,NaN,NaN,NaN,NaN,1.0044,NaN,NaN,NaN,1.7172,1.1664,1.3608,1.5552,NaN,NaN,1.0692
NaN,NaN,NaN,NaN,NaN,NaN,2.5596,NaN,NaN,NaN,1.4904,2.0412,1.782,1.8792,NaN,1.6848,NaN,NaN,NaN,NaN,NaN,1.4904,1.3932,1.4256,1.3932,1.1988,1.2312,1.1988,NaN,NaN,2.2356,2.5596,NaN,2.1384,NaN,NaN,NaN,NaN,NaN,NaN,NaN,NaN,NaN,NaN,NaN,NaN,NaN,NaN,NaN,NaN
NaN,NaN,NaN,NaN,NaN,NaN,9.882,NaN,NaN,NaN,NaN,NaN,11.3724,NaN,NaN,NaN,NaN,NaN,NaN,NaN,NaN,NaN,NaN,NaN,NaN,NaN,NaN,NaN,NaN,NaN,NaN,NaN,NaN,NaN,NaN,NaN,NaN,NaN,NaN,NaN,NaN,NaN,NaN,NaN,NaN,NaN,NaN,NaN,NaN,NaN
NaN,NaN,NaN,NaN,NaN,NaN,3.24,3.3696,NaN,3.7908,NaN,1.8144,2.2356,NaN,NaN,1.5552,1.0368,NaN,2.2356,NaN,NaN,NaN,NaN,0.8748,NaN,NaN,NaN,NaN,NaN,NaN,NaN,2.268,NaN,3.4668,0.7776,1.62,NaN,2.268,NaN,NaN,NaN,NaN,NaN,NaN,NaN,NaN,NaN,1.2636,NaN,NaN
NaN,NaN,NaN,NaN,NaN,NaN,2.0088,2.0412,1.8144,1.9764,1.5876,1.8792,1.8468,1.7496,1.7496,1.3608,1.296,1.7172,1.8792,1.944,1.7496,1.6848,1.9764,1.8792,1.8144,1.62,1.944,1.9116,1.9116,1.8144,2.106,2.2032,2.0412,2.3328,NaN,NaN,NaN,1.7172,1.7496,1.8468,1.8792,1.944,1.7172,1.9116,1.782,1.5552,1.8468,1.6524,1.782,1.9116
NaN,NaN,NaN,NaN,NaN,NaN,1.0044,1.9764,1.134,NaN,NaN,NaN,NaN,NaN,NaN,0.7776,NaN,NaN,NaN,NaN,NaN,0.8424,NaN,0.972,1.296,NaN,NaN,NaN,NaN,0.972,NaN,NaN,NaN,NaN,NaN,NaN,NaN,NaN,NaN,NaN,NaN,NaN,NaN,NaN,NaN,NaN,NaN,NaN,NaN,NaN
NaN,NaN,NaN,NaN,NaN,NaN,4.6008,NaN,1.4256,NaN,NaN,NaN,NaN,NaN,2.754,0.8748,1.782,0.9396,1.2312,1.1664,1.4904,0.7776,0.8424,1.1664,2.1708,0.81,NaN,NaN,1.0368,0.972,NaN,0.8424,0.972,NaN,NaN,0.81,NaN,0.9072,0.7452,NaN,NaN,NaN,NaN,NaN,NaN,NaN,NaN,NaN,NaN,NaN
NaN,NaN,NaN,NaN,NaN,NaN,0.81,0.7776,1.0692,1.2636,1.0368,1.5876,0.81,1.2636,NaN,NaN,NaN,NaN,0.9396,NaN,NaN,0.81,1.2636,1.3932,1.0044,NaN,1.3608,0.81,NaN,0.972,NaN,NaN,NaN,NaN,NaN,NaN,NaN,NaN,NaN,NaN,NaN,NaN,NaN,NaN,NaN,NaN,NaN,NaN,NaN,NaN
NaN,NaN,NaN,NaN,NaN,NaN,0.9072,NaN,NaN,NaN,NaN,NaN,1.4904,NaN,1.0368,NaN,1.2636,0.8424,NaN,0.81,0.8424,NaN,NaN,NaN,NaN,NaN,NaN,NaN,0.7776,NaN,NaN,NaN,NaN,NaN,NaN,NaN,NaN,NaN,NaN,NaN,NaN,NaN,NaN,NaN,NaN,NaN,NaN,NaN,NaN,NaN
NaN,NaN,NaN,NaN,NaN,NaN,NaN,0.81,NaN,NaN,NaN,NaN,NaN,NaN,NaN,NaN,NaN,NaN,NaN,NaN,NaN,NaN,0.9396,NaN,NaN,NaN,NaN,NaN,NaN,NaN,NaN,NaN,NaN,NaN,NaN,NaN,NaN,NaN,NaN,NaN,NaN,0.81,NaN,NaN,NaN,NaN,NaN,NaN,NaN,NaN
NaN,NaN,NaN,NaN,NaN,NaN,NaN,6.2856,NaN,4.1472,NaN,4.4064,NaN,NaN,NaN,NaN,NaN,NaN,NaN,NaN,3.1104,NaN,NaN,NaN,NaN,NaN,NaN,NaN,NaN,NaN,NaN,NaN,NaN,NaN,NaN,NaN,NaN,NaN,NaN,NaN,NaN,NaN,NaN,NaN,NaN,NaN,NaN,NaN,NaN,NaN
NaN,NaN,NaN,NaN,NaN,NaN,NaN,0.7776,NaN,NaN,NaN,NaN,NaN,NaN,NaN,NaN,NaN,NaN,NaN,0.7776,NaN,NaN,NaN,NaN,NaN,NaN,NaN,NaN,NaN,NaN,NaN,NaN,NaN,NaN,NaN,NaN,NaN,NaN,NaN,NaN,NaN,NaN,NaN,NaN,NaN,NaN,NaN,NaN,NaN,NaN
NaN,NaN,NaN,NaN,NaN,NaN,NaN,3.2076,3.078,2.7216,1.0044,2.8512,2.7216,0.972,3.1104,2.9808,1.2636,2.8188,2.8836,3.2076,2.9808,2.8836,1.3932,2.5596,2.8512,2.0736,2.4624,2.4624,2.5596,3.2076,0.9396,2.0412,2.754,2.6892,2.3976,1.0044,NaN,1.3608,0.81,2.268,NaN,NaN,0.9072,1.1016,0.81,NaN,NaN,NaN,NaN,NaN
NaN,NaN,NaN,NaN,NaN,NaN,NaN,0.81,NaN,NaN,NaN,NaN,NaN,NaN,NaN,NaN,NaN,NaN,NaN,0.7776,NaN,NaN,NaN,NaN,NaN,NaN,0.7776,0.7452,NaN,1.0368,NaN,NaN,NaN,NaN,0.7776,NaN,NaN,0.81,NaN,NaN,NaN,NaN,NaN,NaN,NaN,NaN,NaN,NaN,NaN,NaN
NaN,NaN,NaN,NaN,NaN,NaN,NaN,1.0044,NaN,NaN,NaN,0.8748,1.2636,0.7452,0.9072,NaN,NaN,NaN,NaN,NaN,NaN,0.8424,0.8424,NaN,0.8424,1.0044,0.7452,1.134,1.0044,1.0368,0.7776,1.0368,0.7776,NaN,0.972,0.7776,0.81,0.81,NaN,1.0692,NaN,1.1664,0.8748,0.7776,0.8424,0.8424,0.8748,0.8748,NaN,0.8748
NaN,NaN,NaN,NaN,NaN,NaN,NaN,0.81,NaN,NaN,NaN,NaN,NaN,NaN,NaN,NaN,NaN,NaN,NaN,NaN,NaN,NaN,1.4904,0.8424,0.9396,NaN,1.1988,0.8748,0.7776,0.7452,NaN,NaN,NaN,NaN,NaN,NaN,NaN,NaN,NaN,NaN,NaN,0.9396,NaN,NaN,NaN,NaN,NaN,NaN,NaN,NaN
NaN,NaN,NaN,NaN,NaN,NaN,NaN,0.7776,NaN,NaN,NaN,NaN,NaN,NaN,NaN,0.7776,NaN,0.9396,NaN,NaN,NaN,NaN,NaN,NaN,NaN,NaN,NaN,NaN,NaN,NaN,NaN,NaN,NaN,NaN,NaN,NaN,NaN,NaN,NaN,NaN,NaN,NaN,NaN,NaN,NaN,NaN,NaN,NaN,NaN,NaN
NaN,NaN,NaN,NaN,NaN,NaN,NaN,NaN,2.1708,NaN,NaN,NaN,NaN,NaN,NaN,NaN,NaN,NaN,NaN,NaN,NaN,NaN,NaN,NaN,NaN,1.4904,NaN,NaN,NaN,1.0044,NaN,0.9072,NaN,NaN,NaN,NaN,NaN,NaN,NaN,NaN,NaN,NaN,NaN,NaN,NaN,NaN,NaN,NaN,NaN,NaN
NaN,NaN,NaN,NaN,NaN,NaN,NaN,NaN,4.05,1.3932,NaN,0.81,0.9072,0.7452,NaN,NaN,NaN,NaN,NaN,NaN,0.7776,NaN,NaN,NaN,0.9072,NaN,NaN,NaN,NaN,NaN,NaN,NaN,NaN,NaN,NaN,NaN,NaN,NaN,NaN,NaN,NaN,NaN,NaN,NaN,NaN,NaN,NaN,NaN,NaN,NaN
NaN,NaN,NaN,NaN,NaN,NaN,NaN,NaN,2.754,2.8512,2.754,4.2768,1.9764,3.1428,2.8512,1.8144,3.3372,2.3652,NaN,2.754,NaN,NaN,1.62,2.3328,2.8512,NaN,2.43,NaN,2.3004,1.2312,1.134,2.4948,1.458,1.8144,2.0412,NaN,1.5228,0.9072,NaN,0.9396,NaN,1.4904,2.3652,NaN,NaN,2.106,2.3976,NaN,2.1384,NaN
NaN,NaN,NaN,NaN,NaN,NaN,NaN,NaN,3.7584,2.754,1.134,3.4668,NaN,NaN,NaN,0.972,1.4256,NaN,NaN,2.5596,NaN,4.05,NaN,NaN,NaN,NaN,0.8748,NaN,NaN,1.0368,0.972,0.8748,NaN,NaN,NaN,NaN,NaN,NaN,NaN,NaN,NaN,NaN,NaN,NaN,NaN,NaN,NaN,NaN,NaN,NaN
NaN,NaN,NaN,NaN,NaN,NaN,NaN,NaN,4.4712,NaN,NaN,4.536,NaN,NaN,NaN,NaN,NaN,NaN,NaN,NaN,NaN,NaN,NaN,0.7452,NaN,NaN,NaN,NaN,NaN,NaN,NaN,NaN,NaN,NaN,NaN,NaN,NaN,NaN,NaN,NaN,NaN,NaN,NaN,NaN,NaN,NaN,NaN,NaN,NaN,NaN
NaN,NaN,NaN,NaN,NaN,NaN,NaN,NaN,0.81,NaN,NaN,1.2312,0.8748,NaN,NaN,NaN,1.7496,NaN,1.0692,0.7776,NaN,0.8424,1.5228,1.0692,1.0044,NaN,NaN,NaN,NaN,NaN,NaN,NaN,NaN,NaN,NaN,0.8424,NaN,NaN,NaN,NaN,NaN,NaN,NaN,NaN,1.0044,NaN,NaN,NaN,NaN,NaN
NaN,NaN,NaN,NaN,NaN,NaN,NaN,NaN,NaN,0.8424,0.9072,0.81,1.0692,0.8424,NaN,NaN,NaN,NaN,NaN,NaN,NaN,NaN,NaN,NaN,NaN,NaN,NaN,NaN,NaN,NaN,NaN,NaN,NaN,NaN,NaN,NaN,NaN,NaN,NaN,NaN,NaN,NaN,NaN,NaN,NaN,NaN,NaN,NaN,NaN,NaN
NaN,NaN,NaN,NaN,NaN,NaN,NaN,NaN,NaN,1.0044,NaN,NaN,NaN,NaN,NaN,NaN,NaN,NaN,NaN,1.0044,NaN,NaN,NaN,NaN,NaN,NaN,NaN,NaN,NaN,NaN,NaN,0.7776,NaN,NaN,NaN,0.8424,NaN,1.8144,2.3652,2.0412,2.1708,0.81,1.1016,0.7776,NaN,NaN,0.8424,NaN,1.0044,1.4256
NaN,NaN,NaN,NaN,NaN,NaN,NaN,NaN,NaN,2.4948,NaN,NaN,NaN,NaN,NaN,NaN,3.726,3.9852,NaN,NaN,NaN,NaN,NaN,NaN,NaN,NaN,NaN,NaN,NaN,NaN,NaN,NaN,NaN,NaN,NaN,NaN,NaN,NaN,NaN,NaN,NaN,NaN,NaN,NaN,NaN,NaN,NaN,NaN,NaN,NaN
NaN,NaN,NaN,NaN,NaN,NaN,NaN,NaN,NaN,4.2444,NaN,NaN,NaN,8.1648,7.452,7.5168,NaN,NaN,NaN,8.424,7.7436,7.4844,NaN,NaN,NaN,NaN,NaN,NaN,7.3872,NaN,NaN,7.0956,NaN,NaN,7.6788,NaN,NaN,NaN,NaN,NaN,NaN,NaN,NaN,2.6244,NaN,NaN,2.9808,NaN,NaN,NaN
NaN,NaN,NaN,NaN,NaN,NaN,NaN,NaN,NaN,0.7452,1.1664,0.8424,0.9072,0.972,1.2312,NaN,1.0044,NaN,NaN,NaN,0.8748,NaN,NaN,NaN,0.8748,NaN,0.7452,0.7776,NaN,0.8424,NaN,0.7452,NaN,0.9396,0.7776,0.7452,0.7776,0.9396,0.9072,0.81,NaN,NaN,0.7452,0.7776,NaN,NaN,NaN,NaN,NaN,NaN
NaN,NaN,NaN,NaN,NaN,NaN,NaN,NaN,NaN,NaN,3.24,NaN,3.7584,NaN,NaN,NaN,NaN,3.4992,NaN,4.4064,2.43,2.7216,NaN,NaN,NaN,NaN,3.1428,NaN,1.8468,2.2032,NaN,NaN,2.4624,NaN,2.268,NaN,2.0736,3.4992,NaN,NaN,NaN,NaN,NaN,2.6892,NaN,NaN,NaN,NaN,NaN,2.6244
NaN,NaN,NaN,NaN,NaN,NaN,NaN,NaN,NaN,NaN,1.9764,NaN,NaN,1.1664,NaN,NaN,NaN,NaN,NaN,NaN,NaN,NaN,NaN,NaN,NaN,NaN,1.0368,NaN,NaN,NaN,NaN,NaN,2.0412,1.0368,NaN,NaN,NaN,1.8792,1.0368,1.782,1.9116,1.0692,1.0044,NaN,NaN,NaN,1.5876,NaN,NaN,NaN
NaN,NaN,NaN,NaN,NaN,NaN,NaN,NaN,NaN,NaN,0.81,NaN,NaN,NaN,NaN,0.81,0.81,NaN,NaN,NaN,NaN,0.9396,NaN,NaN,NaN,NaN,NaN,NaN,NaN,NaN,NaN,NaN,NaN,NaN,NaN,NaN,NaN,NaN,NaN,NaN,NaN,NaN,NaN,NaN,NaN,NaN,NaN,NaN,NaN,NaN
NaN,NaN,NaN,NaN,NaN,NaN,NaN,NaN,NaN,NaN,0.7776,NaN,1.2636,NaN,NaN,NaN,NaN,NaN,NaN,NaN,NaN,NaN,NaN,NaN,NaN,NaN,NaN,NaN,NaN,NaN,NaN,NaN,NaN,NaN,NaN,NaN,NaN,NaN,NaN,NaN,NaN,NaN,NaN,NaN,NaN,NaN,NaN,NaN,NaN,NaN
NaN,NaN,NaN,NaN,NaN,NaN,NaN,NaN,NaN,NaN,NaN,2.8836,1.2312,2.1708,NaN,NaN,NaN,NaN,NaN,NaN,NaN,NaN,NaN,NaN,NaN,NaN,NaN,NaN,NaN,NaN,NaN,NaN,1.3932,1.0044,NaN,NaN,0.7776,NaN,NaN,NaN,NaN,NaN,NaN,NaN,NaN,NaN,NaN,NaN,NaN,NaN
NaN,NaN,NaN,NaN,NaN,NaN,NaN,NaN,NaN,NaN,NaN,2.106,4.1148,NaN,4.6332,2.3328,2.0412,4.1472,1.5552,1.6524,NaN,NaN,NaN,1.6848,1.9116,1.5876,NaN,1.2636,1.5228,1.5876,1.4256,1.0044,1.3608,1.782,1.8792,1.8792,NaN,NaN,1.296,1.458,1.1016,1.3608,0.7776,NaN,NaN,0.7452,1.1664,0.81,NaN,NaN
NaN,NaN,NaN,NaN,NaN,NaN,NaN,NaN,NaN,NaN,NaN,3.6612,1.6524,2.8836,NaN,NaN,NaN,NaN,0.972,NaN,1.0368,0.8748,0.7452,1.5228,NaN,1.0044,NaN,NaN,NaN,NaN,NaN,0.8748,NaN,NaN,NaN,1.3284,0.9396,1.3932,NaN,NaN,NaN,1.1988,0.8424,NaN,NaN,NaN,1.0044,1.0692,NaN,1.3284
NaN,NaN,NaN,NaN,NaN,NaN,NaN,NaN,NaN,NaN,NaN,NaN,7.128,4.9248,NaN,4.7628,NaN,NaN,NaN,4.1148,NaN,NaN,NaN,2.8188,NaN,2.3004,NaN,4.6332,NaN,NaN,NaN,NaN,4.4388,2.8512,2.2032,NaN,4.5036,4.9248,1.2312,2.1708,NaN,NaN,NaN,3.564,2.9484,0.9396,0.972,NaN,0.7776,NaN
NaN,NaN,NaN,NaN,NaN,NaN,NaN,NaN,NaN,NaN,NaN,NaN,0.972,NaN,NaN,NaN,NaN,NaN,NaN,1.0368,NaN,NaN,NaN,NaN,NaN,0.81,0.9072,0.9072,NaN,0.7776,1.1664,NaN,NaN,2.2356,NaN,NaN,NaN,NaN,1.9764,NaN,NaN,2.592,NaN,NaN,NaN,NaN,NaN,NaN,NaN,NaN
NaN,NaN,NaN,NaN,NaN,NaN,NaN,NaN,NaN,NaN,NaN,NaN,1.4904,NaN,NaN,NaN,2.4948,NaN,NaN,2.4948,NaN,1.6848,NaN,NaN,NaN,1.8468,NaN,NaN,NaN,NaN,NaN,NaN,NaN,NaN,NaN,NaN,NaN,NaN,NaN,NaN,NaN,NaN,NaN,1.782,NaN,2.3976,NaN,NaN,3.1104,NaN
NaN,NaN,NaN,NaN,NaN,NaN,NaN,NaN,NaN,NaN,NaN,NaN,1.0692,NaN,NaN,NaN,NaN,NaN,NaN,0.7452,NaN,NaN,0.7452,NaN,NaN,NaN,NaN,NaN,NaN,NaN,NaN,NaN,NaN,NaN,NaN,NaN,NaN,NaN,NaN,NaN,NaN,NaN,NaN,NaN,NaN,NaN,NaN,NaN,NaN,NaN
NaN,NaN,NaN,NaN,NaN,NaN,NaN,NaN,NaN,NaN,NaN,NaN,NaN,0.81,NaN,NaN,NaN,NaN,NaN,0.8748,0.9072,NaN,NaN,NaN,NaN,NaN,NaN,NaN,NaN,NaN,NaN,0.7776,NaN,0.9072,NaN,NaN,NaN,NaN,NaN,NaN,1.0044,NaN,0.8424,0.8748,NaN,NaN,0.7452,NaN,NaN,NaN
NaN,NaN,NaN,NaN,NaN,NaN,NaN,NaN,NaN,NaN,NaN,NaN,NaN,0.81,NaN,NaN,NaN,NaN,NaN,NaN,NaN,0.81,NaN,NaN,NaN,NaN,NaN,NaN,NaN,NaN,NaN,NaN,0.7776,NaN,0.7452,NaN,NaN,0.7776,NaN,1.6848,1.5876,1.0044,1.0368,0.7776,0.8748,0.8424,NaN,NaN,NaN,NaN
NaN,NaN,NaN,NaN,NaN,NaN,NaN,NaN,NaN,NaN,NaN,NaN,NaN,5.5728,5.184,4.1472,3.9204,5.0868,4.7628,4.9572,4.2444,4.3416,4.8276,2.8188,3.1752,4.212,3.0132,3.9852,2.8512,2.8512,2.6892,2.6892,2.8188,3.0456,2.7216,2.5272,2.4948,3.4992,3.1752,NaN,NaN,NaN,NaN,NaN,NaN,NaN,NaN,NaN,NaN,NaN
NaN,NaN,NaN,NaN,NaN,NaN,NaN,NaN,NaN,NaN,NaN,NaN,NaN,3.402,3.3048,3.4344,3.726,4.374,3.5964,3.9204,3.3696,3.6288,3.4992,3.726,3.6288,2.8836,3.4668,3.8232,3.24,3.564,2.9484,4.212,3.5964,3.5964,4.05,3.1104,2.8188,3.0456,2.6568,3.2076,3.3372,3.4668,3.4344,3.4668,3.3048,3.3372,3.3372,3.4344,3.726,3.8232
NaN,NaN,NaN,NaN,NaN,NaN,NaN,NaN,NaN,NaN,NaN,NaN,NaN,1.0368,1.134,1.2312,1.1664,NaN,NaN,0.81,NaN,NaN,NaN,0.7776,0.8424,NaN,NaN,NaN,NaN,0.7452,NaN,NaN,NaN,0.81,NaN,0.972,0.8424,NaN,NaN,NaN,NaN,NaN,NaN,NaN,NaN,NaN,NaN,NaN,NaN,NaN
NaN,NaN,NaN,NaN,NaN,NaN,NaN,NaN,NaN,NaN,NaN,NaN,NaN,0.7776,NaN,1.1016,0.7776,NaN,NaN,NaN,NaN,0.7776,NaN,NaN,NaN,NaN,NaN,NaN,NaN,NaN,NaN,NaN,NaN,1.4904,0.7776,1.2636,NaN,NaN,NaN,1.3932,NaN,1.2636,NaN,NaN,NaN,NaN,NaN,NaN,NaN,0.7776
NaN,NaN,NaN,NaN,NaN,NaN,NaN,NaN,NaN,NaN,NaN,NaN,NaN,0.972,0.7776,NaN,NaN,1.0692,NaN,0.7452,NaN,NaN,NaN,NaN,NaN,NaN,NaN,0.7776,NaN,NaN,NaN,NaN,NaN,NaN,NaN,NaN,NaN,NaN,NaN,NaN,NaN,NaN,NaN,NaN,NaN,1.3932,1.3284,0.9072,1.0692,1.0044
NaN,NaN,NaN,NaN,NaN,NaN,NaN,NaN,NaN,NaN,NaN,NaN,NaN,1.1016,NaN,NaN,3.1104,NaN,NaN,0.81,0.8424,NaN,3.4344,NaN,2.2356,NaN,NaN,NaN,NaN,NaN,NaN,NaN,NaN,NaN,NaN,NaN,NaN,NaN,NaN,NaN,NaN,NaN,NaN,NaN,NaN,NaN,NaN,NaN,NaN,NaN
NaN,NaN,NaN,NaN,NaN,NaN,NaN,NaN,NaN,NaN,NaN,NaN,NaN,0.7776,NaN,NaN,NaN,0.7452,NaN,NaN,0.81,0.81,NaN,1.296,NaN,NaN,NaN,NaN,NaN,NaN,1.9116,NaN,0.81,NaN,NaN,NaN,1.9116,1.134,NaN,2.268,1.4904,1.296,1.6848,1.0368,1.1988,1.0368,1.3932,1.3608,NaN,0.9396
NaN,NaN,NaN,NaN,NaN,NaN,NaN,NaN,NaN,NaN,NaN,NaN,NaN,1.6524,NaN,NaN,NaN,NaN,1.134,NaN,NaN,NaN,NaN,0.7776,NaN,NaN,NaN,NaN,NaN,NaN,NaN,NaN,NaN,NaN,NaN,NaN,NaN,NaN,NaN,NaN,NaN,NaN,NaN,NaN,NaN,NaN,NaN,NaN,NaN,NaN
NaN,NaN,NaN,NaN,NaN,NaN,NaN,NaN,NaN,NaN,NaN,NaN,NaN,0.9396,NaN,NaN,1.0692,NaN,1.0692,0.7452,0.9072,0.81,NaN,1.0044,1.3932,0.7776,0.7452,NaN,NaN,1.1016,NaN,NaN,0.9396,0.7776,NaN,0.81,0.7776,1.4904,NaN,NaN,NaN,0.972,NaN,NaN,NaN,NaN,NaN,NaN,NaN,NaN
NaN,NaN,NaN,NaN,NaN,NaN,NaN,NaN,NaN,NaN,NaN,NaN,NaN,1.5228,1.3284,1.62,NaN,0.8424,1.4256,1.7172,1.9116,1.0692,1.1016,0.9396,1.8792,1.4904,1.62,1.4904,NaN,2.2032,NaN,1.4904,1.8144,NaN,1.0044,1.296,NaN,2.2356,NaN,NaN,NaN,NaN,0.972,NaN,1.62,NaN,NaN,NaN,NaN,NaN
NaN,NaN,NaN,NaN,NaN,NaN,NaN,NaN,NaN,NaN,NaN,NaN,NaN,NaN,1.0044,NaN,NaN,0.9396,NaN,NaN,NaN,NaN,1.0368,NaN,NaN,0.8748,0.8424,1.1664,0.9396,1.0044,0.8748,NaN,1.0692,NaN,NaN,NaN,NaN,0.7452,0.7452,1.0692,1.3608,NaN,1.4256,1.5552,0.81,0.81,NaN,NaN,0.7452,NaN
NaN,NaN,NaN,NaN,NaN,NaN,NaN,NaN,NaN,NaN,NaN,NaN,NaN,NaN,1.1016,NaN,0.9072,NaN,NaN,NaN,0.81,NaN,1.0044,NaN,1.1988,NaN,NaN,NaN,NaN,NaN,NaN,NaN,NaN,NaN,NaN,NaN,NaN,0.8748,NaN,0.9072,NaN,NaN,NaN,NaN,1.4256,1.2312,1.0044,1.296,1.1988,1.9764
NaN,NaN,NaN,NaN,NaN,NaN,NaN,NaN,NaN,NaN,NaN,NaN,NaN,NaN,1.8468,NaN,NaN,NaN,NaN,NaN,1.5876,1.6524,2.106,1.296,2.268,NaN,1.62,1.2312,1.1016,1.2636,NaN,1.2312,NaN,NaN,NaN,NaN,NaN,NaN,NaN,NaN,NaN,NaN,NaN,NaN,NaN,NaN,NaN,NaN,NaN,NaN
NaN,NaN,NaN,NaN,NaN,NaN,NaN,NaN,NaN,NaN,NaN,NaN,NaN,NaN,0.9072,NaN,0.81,2.8188,1.0692,NaN,NaN,NaN,NaN,NaN,1.0368,NaN,NaN,NaN,NaN,NaN,NaN,NaN,NaN,0.7452,NaN,NaN,NaN,NaN,NaN,NaN,0.7776,NaN,NaN,0.8424,0.81,NaN,NaN,NaN,NaN,NaN
NaN,NaN,NaN,NaN,NaN,NaN,NaN,NaN,NaN,NaN,NaN,NaN,NaN,NaN,5.994,NaN,NaN,5.0868,4.698,NaN,NaN,5.9616,5.184,1.5552,NaN,NaN,NaN,5.2164,NaN,NaN,NaN,NaN,NaN,3.5316,NaN,NaN,2.106,NaN,NaN,2.106,NaN,NaN,NaN,NaN,NaN,NaN,2.2032,NaN,1.296,NaN
NaN,NaN,NaN,NaN,NaN,NaN,NaN,NaN,NaN,NaN,NaN,NaN,NaN,NaN,6.6744,NaN,3.2724,NaN,3.5316,3.402,NaN,NaN,NaN,NaN,NaN,NaN,NaN,3.3372,NaN,NaN,4.5036,NaN,4.9248,NaN,NaN,NaN,NaN,NaN,NaN,NaN,NaN,NaN,NaN,NaN,NaN,NaN,NaN,NaN,NaN,NaN
NaN,NaN,NaN,NaN,NaN,NaN,NaN,NaN,NaN,NaN,NaN,NaN,NaN,NaN,NaN,1.3284,1.2636,NaN,1.3284,2.6244,NaN,NaN,NaN,NaN,NaN,NaN,NaN,NaN,NaN,NaN,NaN,NaN,NaN,NaN,NaN,NaN,NaN,NaN,NaN,NaN,NaN,NaN,NaN,NaN,NaN,NaN,NaN,NaN,NaN,NaN
NaN,NaN,NaN,NaN,NaN,NaN,NaN,NaN,NaN,NaN,NaN,NaN,NaN,NaN,NaN,0.7452,NaN,1.1016,NaN,0.972,NaN,NaN,NaN,NaN,NaN,NaN,NaN,NaN,NaN,0.8424,NaN,NaN,NaN,NaN,NaN,NaN,NaN,NaN,NaN,NaN,NaN,NaN,NaN,NaN,NaN,NaN,NaN,NaN,NaN,NaN
NaN,NaN,NaN,NaN,NaN,NaN,NaN,NaN,NaN,NaN,NaN,NaN,NaN,NaN,NaN,0.7452,NaN,NaN,NaN,NaN,NaN,0.8424,NaN,NaN,NaN,NaN,NaN,NaN,NaN,NaN,NaN,NaN,NaN,NaN,NaN,NaN,NaN,NaN,NaN,NaN,NaN,NaN,NaN,NaN,NaN,NaN,NaN,NaN,NaN,NaN
NaN,NaN,NaN,NaN,NaN,NaN,NaN,NaN,NaN,NaN,NaN,NaN,NaN,NaN,NaN,NaN,2.6244,NaN,1.8468,NaN,NaN,NaN,NaN,NaN,NaN,NaN,NaN,NaN,NaN,NaN,NaN,1.0692,1.1988,NaN,0.8748,NaN,NaN,NaN,NaN,NaN,NaN,NaN,NaN,NaN,NaN,NaN,NaN,NaN,2.1384,NaN
NaN,NaN,NaN,NaN,NaN,NaN,NaN,NaN,NaN,NaN,NaN,NaN,NaN,NaN,NaN,NaN,1.6524,1.7172,1.7172,1.4904,1.5552,NaN,NaN,NaN,NaN,NaN,NaN,NaN,0.8748,NaN,NaN,NaN,1.8468,NaN,2.5272,2.0088,1.4904,2.0736,1.6524,1.62,1.8468,2.106,1.6524,1.6848,1.4904,1.4904,1.6524,1.5876,1.7172,NaN
NaN,NaN,NaN,NaN,NaN,NaN,NaN,NaN,NaN,NaN,NaN,NaN,NaN,NaN,NaN,NaN,0.7452,NaN,0.81,NaN,NaN,NaN,NaN,0.81,NaN,NaN,NaN,NaN,NaN,NaN,NaN,NaN,NaN,NaN,NaN,NaN,NaN,NaN,NaN,NaN,NaN,NaN,NaN,NaN,NaN,NaN,NaN,NaN,NaN,NaN
NaN,NaN,NaN,NaN,NaN,NaN,NaN,NaN,NaN,NaN,NaN,NaN,NaN,NaN,NaN,NaN,NaN,2.6568,0.7776,NaN,NaN,NaN,NaN,NaN,NaN,NaN,NaN,NaN,NaN,NaN,NaN,NaN,NaN,NaN,NaN,NaN,NaN,NaN,NaN,NaN,NaN,NaN,NaN,NaN,NaN,NaN,NaN,NaN,NaN,NaN
NaN,NaN,NaN,NaN,NaN,NaN,NaN,NaN,NaN,NaN,NaN,NaN,NaN,NaN,NaN,NaN,NaN,NaN,0.8748,0.972,NaN,NaN,0.972,NaN,0.7776,NaN,NaN,NaN,NaN,NaN,NaN,0.7452,1.0044,NaN,NaN,0.972,1.1016,1.7172,1.1664,1.5228,1.2636,1.458,1.0044,NaN,1.1988,NaN,NaN,NaN,NaN,NaN
NaN,NaN,NaN,NaN,NaN,NaN,NaN,NaN,NaN,NaN,NaN,NaN,NaN,NaN,NaN,NaN,NaN,NaN,2.8836,NaN,NaN,3.6288,NaN,NaN,5.346,3.078,4.1796,3.5316,NaN,4.86,NaN,NaN,NaN,3.4668,NaN,1.62,1.3284,NaN,NaN,NaN,NaN,NaN,NaN,NaN,NaN,NaN,NaN,NaN,NaN,NaN
NaN,NaN,NaN,NaN,NaN,NaN,NaN,NaN,NaN,NaN,NaN,NaN,NaN,NaN,NaN,NaN,NaN,NaN,5.67,NaN,NaN,4.8276,3.2724,NaN,NaN,NaN,NaN,NaN,NaN,NaN,NaN,NaN,NaN,NaN,NaN,NaN,NaN,NaN,NaN,NaN,NaN,NaN,NaN,NaN,NaN,NaN,NaN,NaN,NaN,NaN
NaN,NaN,NaN,NaN,NaN,NaN,NaN,NaN,NaN,NaN,NaN,NaN,NaN,NaN,NaN,NaN,NaN,NaN,NaN,0.8748,1.0044,NaN,NaN,NaN,NaN,NaN,NaN,NaN,NaN,NaN,NaN,NaN,NaN,NaN,NaN,NaN,NaN,NaN,NaN,1.0692,NaN,NaN,NaN,NaN,NaN,NaN,NaN,NaN,NaN,NaN
NaN,NaN,NaN,NaN,NaN,NaN,NaN,NaN,NaN,NaN,NaN,NaN,NaN,NaN,NaN,NaN,NaN,NaN,NaN,NaN,7.1928,8.0028,9.3636,NaN,7.5492,NaN,7.0956,NaN,6.3504,5.8968,3.7908,5.4756,NaN,NaN,NaN,NaN,NaN,NaN,NaN,NaN,NaN,5.7996,NaN,NaN,NaN,NaN,NaN,3.402,NaN,3.4992
NaN,NaN,NaN,NaN,NaN,NaN,NaN,NaN,NaN,NaN,NaN,NaN,NaN,NaN,NaN,NaN,NaN,NaN,NaN,NaN,2.4948,2.6244,2.3976,2.592,2.6892,2.4948,1.7172,1.7172,1.7496,3.1104,0.9396,1.9764,1.7172,3.1104,2.6892,1.782,1.6524,1.5552,0.8424,2.3976,2.3004,0.972,1.0368,1.62,1.3284,1.3932,1.3608,2.106,1.134,1.5228
NaN,NaN,NaN,NaN,NaN,NaN,NaN,NaN,NaN,NaN,NaN,NaN,NaN,NaN,NaN,NaN,NaN,NaN,NaN,NaN,1.0044,NaN,NaN,0.81,NaN,NaN,NaN,NaN,NaN,NaN,NaN,NaN,NaN,NaN,NaN,NaN,0.7776,NaN,NaN,1.5552,NaN,NaN,1.7172,NaN,NaN,NaN,1.8144,NaN,NaN,NaN
NaN,NaN,NaN,NaN,NaN,NaN,NaN,NaN,NaN,NaN,NaN,NaN,NaN,NaN,NaN,NaN,NaN,NaN,NaN,NaN,3.9852,4.2768,4.0176,NaN,NaN,NaN,NaN,NaN,1.8144,NaN,NaN,NaN,NaN,NaN,NaN,NaN,NaN,3.6612,NaN,NaN,NaN,NaN,NaN,3.2724,NaN,NaN,NaN,NaN,NaN,3.7584
NaN,NaN,NaN,NaN,NaN,NaN,NaN,NaN,NaN,NaN,NaN,NaN,NaN,NaN,NaN,NaN,NaN,NaN,NaN,NaN,0.8424,1.6848,2.8188,1.8144,2.0736,1.7172,NaN,NaN,NaN,0.81,NaN,NaN,0.8424,1.1988,NaN,NaN,NaN,NaN,NaN,NaN,1.1016,NaN,1.3608,1.3284,0.7452,1.0368,NaN,NaN,NaN,1.3932
NaN,NaN,NaN,NaN,NaN,NaN,NaN,NaN,NaN,NaN,NaN,NaN,NaN,NaN,NaN,NaN,NaN,NaN,NaN,NaN,NaN,1.0368,NaN,NaN,0.8748,NaN,NaN,NaN,NaN,NaN,NaN,NaN,NaN,NaN,NaN,1.0044,NaN,NaN,NaN,NaN,NaN,NaN,NaN,NaN,NaN,NaN,NaN,NaN,NaN,NaN
NaN,NaN,NaN,NaN,NaN,NaN,NaN,NaN,NaN,NaN,NaN,NaN,NaN,NaN,NaN,NaN,NaN,NaN,NaN,NaN,NaN,0.7452,NaN,NaN,NaN,NaN,NaN,NaN,NaN,NaN,NaN,NaN,NaN,NaN,NaN,NaN,NaN,0.8424,0.7452,NaN,NaN,NaN,NaN,NaN,0.8748,NaN,1.1016,0.9072,NaN,NaN
NaN,NaN,NaN,NaN,NaN,NaN,NaN,NaN,NaN,NaN,NaN,NaN,NaN,NaN,NaN,NaN,NaN,NaN,NaN,NaN,NaN,1.1664,NaN,0.8748,2.0412,NaN,NaN,NaN,NaN,NaN,0.7776,NaN,0.8748,0.8424,1.5228,1.5228,NaN,NaN,NaN,NaN,NaN,0.7776,NaN,NaN,NaN,NaN,NaN,NaN,NaN,0.9072
NaN,NaN,NaN,NaN,NaN,NaN,NaN,NaN,NaN,NaN,NaN,NaN,NaN,NaN,NaN,NaN,NaN,NaN,NaN,NaN,NaN,0.8424,NaN,NaN,NaN,NaN,0.81,NaN,NaN,NaN,NaN,NaN,NaN,NaN,NaN,NaN,NaN,NaN,NaN,NaN,NaN,NaN,NaN,NaN,NaN,NaN,NaN,NaN,NaN,NaN
NaN,NaN,NaN,NaN,NaN,NaN,NaN,NaN,NaN,NaN,NaN,NaN,NaN,NaN,NaN,NaN,NaN,NaN,NaN,NaN,NaN,NaN,0.9072,0.8424,1.0368,NaN,1.5876,NaN,NaN,0.7452,NaN,NaN,1.3608,NaN,0.7776,NaN,NaN,1.0692,NaN,NaN,NaN,NaN,NaN,NaN,NaN,NaN,NaN,NaN,NaN,NaN
NaN,NaN,NaN,NaN,NaN,NaN,NaN,NaN,NaN,NaN,NaN,NaN,NaN,NaN,NaN,NaN,NaN,NaN,NaN,NaN,NaN,NaN,1.2636,NaN,1.6524,NaN,NaN,NaN,NaN,NaN,NaN,NaN,NaN,NaN,NaN,NaN,NaN,NaN,NaN,NaN,NaN,NaN,NaN,NaN,NaN,NaN,NaN,NaN,NaN,NaN
NaN,NaN,NaN,NaN,NaN,NaN,NaN,NaN,NaN,NaN,NaN,NaN,NaN,NaN,NaN,NaN,NaN,NaN,NaN,NaN,NaN,NaN,1.0044,0.7776,NaN,NaN,NaN,NaN,0.7776,NaN,NaN,NaN,NaN,NaN,NaN,NaN,NaN,NaN,NaN,NaN,NaN,NaN,NaN,NaN,NaN,NaN,NaN,NaN,NaN,NaN
NaN,NaN,NaN,NaN,NaN,NaN,NaN,NaN,NaN,NaN,NaN,NaN,NaN,NaN,NaN,NaN,NaN,NaN,NaN,NaN,NaN,NaN,NaN,1.9764,NaN,0.9072,NaN,NaN,NaN,NaN,NaN,NaN,NaN,NaN,NaN,NaN,NaN,NaN,NaN,NaN,NaN,1.0692,NaN,NaN,NaN,NaN,NaN,NaN,NaN,NaN
NaN,NaN,NaN,NaN,NaN,NaN,NaN,NaN,NaN,NaN,NaN,NaN,NaN,NaN,NaN,NaN,NaN,NaN,NaN,NaN,NaN,NaN,NaN,1.5228,NaN,NaN,NaN,NaN,NaN,NaN,NaN,0.7776,0.8424,0.9072,0.7776,NaN,NaN,1.0368,NaN,NaN,0.8748,0.7452,NaN,0.7776,NaN,0.81,NaN,0.972,NaN,0.9072
NaN,NaN,NaN,NaN,NaN,NaN,NaN,NaN,NaN,NaN,NaN,NaN,NaN,NaN,NaN,NaN,NaN,NaN,NaN,NaN,NaN,NaN,NaN,1.1664,NaN,NaN,NaN,NaN,NaN,NaN,NaN,NaN,NaN,NaN,NaN,NaN,NaN,NaN,0.7776,0.7452,NaN,NaN,NaN,NaN,NaN,NaN,NaN,NaN,NaN,NaN
NaN,NaN,NaN,NaN,NaN,NaN,NaN,NaN,NaN,NaN,NaN,NaN,NaN,NaN,NaN,NaN,NaN,NaN,NaN,NaN,NaN,NaN,NaN,3.3048,NaN,1.1016,NaN,NaN,NaN,1.1664,NaN,NaN,NaN,NaN,NaN,NaN,2.3652,NaN,NaN,1.782,0.9396,NaN,1.2636,0.8424,NaN,NaN,0.9396,NaN,NaN,NaN
NaN,NaN,NaN,NaN,NaN,NaN,NaN,NaN,NaN,NaN,NaN,NaN,NaN,NaN,NaN,NaN,NaN,NaN,NaN,NaN,NaN,NaN,NaN,0.8424,NaN,NaN,NaN,NaN,NaN,0.7452,NaN,1.8468,1.0368,NaN,0.7452,NaN,NaN,NaN,NaN,NaN,NaN,NaN,NaN,NaN,NaN,NaN,NaN,NaN,NaN,NaN
NaN,NaN,NaN,NaN,NaN,NaN,NaN,NaN,NaN,NaN,NaN,NaN,NaN,NaN,NaN,NaN,NaN,NaN,NaN,NaN,NaN,NaN,NaN,NaN,0.9396,NaN,0.972,NaN,NaN,NaN,NaN,NaN,NaN,NaN,NaN,NaN,NaN,NaN,NaN,NaN,NaN,NaN,NaN,NaN,NaN,NaN,NaN,NaN,NaN,NaN
NaN,NaN,NaN,NaN,NaN,NaN,NaN,NaN,NaN,NaN,NaN,NaN,NaN,NaN,NaN,NaN,NaN,NaN,NaN,NaN,NaN,NaN,NaN,NaN,NaN,1.62,NaN,1.134,NaN,NaN,0.9396,NaN,NaN,NaN,0.7776,NaN,NaN,NaN,NaN,NaN,NaN,NaN,NaN,NaN,NaN,NaN,NaN,NaN,NaN,NaN
NaN,NaN,NaN,NaN,NaN,NaN,NaN,NaN,NaN,NaN,NaN,NaN,NaN,NaN,NaN,NaN,NaN,NaN,NaN,NaN,NaN,NaN,NaN,NaN,NaN,NaN,3.3048,4.9896,NaN,4.9248,4.374,2.3004,3.078,3.3048,4.6656,4.6656,3.6936,2.592,0.7776,NaN,NaN,0.9072,NaN,NaN,NaN,NaN,NaN,NaN,1.4256,NaN
NaN,NaN,NaN,NaN,NaN,NaN,NaN,NaN,NaN,NaN,NaN,NaN,NaN,NaN,NaN,NaN,NaN,NaN,NaN,NaN,NaN,NaN,NaN,NaN,NaN,NaN,NaN,1.1988,0.9396,1.0044,1.0692,0.7776,1.1664,NaN,NaN,NaN,NaN,NaN,NaN,NaN,NaN,NaN,NaN,0.9396,0.7776,0.8748,NaN,1.0044,NaN,0.7776
NaN,NaN,NaN,NaN,NaN,NaN,NaN,NaN,NaN,NaN,NaN,NaN,NaN,NaN,NaN,NaN,NaN,NaN,NaN,NaN,NaN,NaN,NaN,NaN,NaN,NaN,NaN,1.0692,1.0692,0.7452,0.9396,1.0044,NaN,NaN,NaN,NaN,NaN,NaN,NaN,NaN,NaN,NaN,NaN,NaN,NaN,NaN,NaN,NaN,NaN,NaN
NaN,NaN,NaN,NaN,NaN,NaN,NaN,NaN,NaN,NaN,NaN,NaN,NaN,NaN,NaN,NaN,NaN,NaN,NaN,NaN,NaN,NaN,NaN,NaN,NaN,NaN,NaN,1.134,NaN,NaN,1.1664,NaN,NaN,NaN,NaN,NaN,NaN,NaN,NaN,0.7452,NaN,NaN,NaN,NaN,NaN,0.8748,0.9396,NaN,NaN,NaN
NaN,NaN,NaN,NaN,NaN,NaN,NaN,NaN,NaN,NaN,NaN,NaN,NaN,NaN,NaN,NaN,NaN,NaN,NaN,NaN,NaN,NaN,NaN,NaN,NaN,NaN,NaN,NaN,1.1988,2.5596,1.1016,1.1016,NaN,0.8424,1.134,0.9072,NaN,NaN,1.0368,1.1016,1.134,1.296,NaN,NaN,NaN,1.2636,1.1664,0.972,1.3932,1.134
NaN,NaN,NaN,NaN,NaN,NaN,NaN,NaN,NaN,NaN,NaN,NaN,NaN,NaN,NaN,NaN,NaN,NaN,NaN,NaN,NaN,NaN,NaN,NaN,NaN,NaN,NaN,NaN,NaN,1.62,1.3608,1.296,1.2312,1.5552,1.296,1.296,1.0692,1.1016,1.2636,1.134,1.1016,1.1664,0.9396,1.0368,1.0692,0.9072,1.2312,0.7452,0.7776,0.81
NaN,NaN,NaN,NaN,NaN,NaN,NaN,NaN,NaN,NaN,NaN,NaN,NaN,NaN,NaN,NaN,NaN,NaN,NaN,NaN,NaN,NaN,NaN,NaN,NaN,NaN,NaN,NaN,NaN,0.7452,1.296,NaN,NaN,1.4904,NaN,NaN,NaN,NaN,NaN,1.1016,0.7776,0.9072,NaN,NaN,NaN,NaN,0.9396,0.9396,NaN,0.7776
NaN,NaN,NaN,NaN,NaN,NaN,NaN,NaN,NaN,NaN,NaN,NaN,NaN,NaN,NaN,NaN,NaN,NaN,NaN,NaN,NaN,NaN,NaN,NaN,NaN,NaN,NaN,NaN,NaN,0.9072,NaN,NaN,NaN,NaN,NaN,NaN,NaN,NaN,NaN,NaN,NaN,NaN,0.81,NaN,NaN,NaN,NaN,NaN,NaN,NaN
NaN,NaN,NaN,NaN,NaN,NaN,NaN,NaN,NaN,NaN,NaN,NaN,NaN,NaN,NaN,NaN,NaN,NaN,NaN,NaN,NaN,NaN,NaN,NaN,NaN,NaN,NaN,NaN,NaN,1.5228,1.1664,1.3608,1.3932,1.4904,1.4256,1.4904,1.1664,1.3932,1.5228,1.0368,1.1988,1.4256,1.4904,1.134,NaN,1.1988,1.0368,NaN,NaN,NaN
NaN,NaN,NaN,NaN,NaN,NaN,NaN,NaN,NaN,NaN,NaN,NaN,NaN,NaN,NaN,NaN,NaN,NaN,NaN,NaN,NaN,NaN,NaN,NaN,NaN,NaN,NaN,NaN,NaN,0.8748,NaN,0.7776,0.972,1.296,1.2636,1.296,0.9396,1.3608,1.1016,1.1664,1.4256,0.7776,NaN,NaN,NaN,NaN,NaN,NaN,NaN,NaN
NaN,NaN,NaN,NaN,NaN,NaN,NaN,NaN,NaN,NaN,NaN,NaN,NaN,NaN,NaN,NaN,NaN,NaN,NaN,NaN,NaN,NaN,NaN,NaN,NaN,NaN,NaN,NaN,NaN,NaN,1.782,1.458,1.3932,1.62,2.3976,1.3608,1.5552,NaN,1.62,1.296,0.7776,1.458,1.62,1.458,1.6848,1.7172,1.0044,1.3284,1.458,1.1664
NaN,NaN,NaN,NaN,NaN,NaN,NaN,NaN,NaN,NaN,NaN,NaN,NaN,NaN,NaN,NaN,NaN,NaN,NaN,NaN,NaN,NaN,NaN,NaN,NaN,NaN,NaN,NaN,NaN,NaN,0.7452,NaN,NaN,NaN,NaN,NaN,1.0368,NaN,NaN,NaN,NaN,NaN,NaN,NaN,NaN,NaN,NaN,NaN,1.1988,NaN
NaN,NaN,NaN,NaN,NaN,NaN,NaN,NaN,NaN,NaN,NaN,NaN,NaN,NaN,NaN,NaN,NaN,NaN,NaN,NaN,NaN,NaN,NaN,NaN,NaN,NaN,NaN,NaN,NaN,NaN,3.9852,4.1796,4.7952,3.726,4.1148,2.9484,1.3284,3.6288,NaN,4.374,NaN,NaN,3.564,3.6288,2.8836,NaN,2.6892,2.4624,1.8144,2.3328
NaN,NaN,NaN,NaN,NaN,NaN,NaN,NaN,NaN,NaN,NaN,NaN,NaN,NaN,NaN,NaN,NaN,NaN,NaN,NaN,NaN,NaN,NaN,NaN,NaN,NaN,NaN,NaN,NaN,NaN,NaN,0.8748,NaN,NaN,0.7776,NaN,NaN,NaN,NaN,NaN,NaN,NaN,0.8748,NaN,NaN,NaN,NaN,NaN,0.7452,0.7776
NaN,NaN,NaN,NaN,NaN,NaN,NaN,NaN,NaN,NaN,NaN,NaN,NaN,NaN,NaN,NaN,NaN,NaN,NaN,NaN,NaN,NaN,NaN,NaN,NaN,NaN,NaN,NaN,NaN,NaN,NaN,NaN,0.9396,1.0044,NaN,NaN,NaN,NaN,NaN,NaN,NaN,NaN,NaN,NaN,NaN,NaN,NaN,0.8748,0.9072,NaN
NaN,NaN,NaN,NaN,NaN,NaN,NaN,NaN,NaN,NaN,NaN,NaN,NaN,NaN,NaN,NaN,NaN,NaN,NaN,NaN,NaN,NaN,NaN,NaN,NaN,NaN,NaN,NaN,NaN,NaN,NaN,NaN,1.0368,NaN,0.7452,NaN,NaN,0.7776,NaN,NaN,0.7452,NaN,1.2312,NaN,NaN,1.0368,NaN,0.9072,NaN,NaN
NaN,NaN,NaN,NaN,NaN,NaN,NaN,NaN,NaN,NaN,NaN,NaN,NaN,NaN,NaN,NaN,NaN,NaN,NaN,NaN,NaN,NaN,NaN,NaN,NaN,NaN,NaN,NaN,NaN,NaN,NaN,NaN,3.0132,NaN,1.3608,NaN,NaN,NaN,NaN,NaN,NaN,NaN,NaN,1.8792,1.9116,1.9116,NaN,NaN,1.62,NaN
NaN,NaN,NaN,NaN,NaN,NaN,NaN,NaN,NaN,NaN,NaN,NaN,NaN,NaN,NaN,NaN,NaN,NaN,NaN,NaN,NaN,NaN,NaN,NaN,NaN,NaN,NaN,NaN,NaN,NaN,NaN,NaN,NaN,3.2076,5.5404,3.3696,NaN,NaN,2.268,2.2356,NaN,NaN,NaN,2.2356,2.0088,NaN,NaN,NaN,1.782,NaN
NaN,NaN,NaN,NaN,NaN,NaN,NaN,NaN,NaN,NaN,NaN,NaN,NaN,NaN,NaN,NaN,NaN,NaN,NaN,NaN,NaN,NaN,NaN,NaN,NaN,NaN,NaN,NaN,NaN,NaN,NaN,NaN,NaN,0.7776,0.7776,NaN,NaN,NaN,NaN,0.7776,NaN,0.8424,NaN,NaN,NaN,NaN,NaN,NaN,0.81,NaN
NaN,NaN,NaN,NaN,NaN,NaN,NaN,NaN,NaN,NaN,NaN,NaN,NaN,NaN,NaN,NaN,NaN,NaN,NaN,NaN,NaN,NaN,NaN,NaN,NaN,NaN,NaN,NaN,NaN,NaN,NaN,NaN,NaN,1.0692,NaN,2.0088,NaN,1.458,1.5552,NaN,NaN,1.1988,1.0692,NaN,NaN,NaN,NaN,NaN,NaN,NaN
NaN,NaN,NaN,NaN,NaN,NaN,NaN,NaN,NaN,NaN,NaN,NaN,NaN,NaN,NaN,NaN,NaN,NaN,NaN,NaN,NaN,NaN,NaN,NaN,NaN,NaN,NaN,NaN,NaN,NaN,NaN,NaN,NaN,0.7776,NaN,NaN,NaN,NaN,NaN,NaN,0.7452,NaN,NaN,NaN,NaN,NaN,NaN,NaN,NaN,NaN
NaN,NaN,NaN,NaN,NaN,NaN,NaN,NaN,NaN,NaN,NaN,NaN,NaN,NaN,NaN,NaN,NaN,NaN,NaN,NaN,NaN,NaN,NaN,NaN,NaN,NaN,NaN,NaN,NaN,NaN,NaN,NaN,NaN,0.81,0.7452,0.7452,0.7452,NaN,NaN,NaN,NaN,NaN,0.7776,NaN,NaN,NaN,NaN,NaN,0.7452,NaN
NaN,NaN,NaN,NaN,NaN,NaN,NaN,NaN,NaN,NaN,NaN,NaN,NaN,NaN,NaN,NaN,NaN,NaN,NaN,NaN,NaN,NaN,NaN,NaN,NaN,NaN,NaN,NaN,NaN,NaN,NaN,NaN,NaN,0.8748,1.1016,NaN,NaN,NaN,NaN,NaN,NaN,0.972,0.7452,0.9396,NaN,1.3608,1.2636,1.134,1.1988,1.1988
NaN,NaN,NaN,NaN,NaN,NaN,NaN,NaN,NaN,NaN,NaN,NaN,NaN,NaN,NaN,NaN,NaN,NaN,NaN,NaN,NaN,NaN,NaN,NaN,NaN,NaN,NaN,NaN,NaN,NaN,NaN,NaN,NaN,1.0692,NaN,NaN,NaN,NaN,NaN,NaN,NaN,NaN,NaN,NaN,NaN,NaN,NaN,NaN,0.972,NaN
NaN,NaN,NaN,NaN,NaN,NaN,NaN,NaN,NaN,NaN,NaN,NaN,NaN,NaN,NaN,NaN,NaN,NaN,NaN,NaN,NaN,NaN,NaN,NaN,NaN,NaN,NaN,NaN,NaN,NaN,NaN,NaN,NaN,0.972,0.81,1.1016,NaN,1.1664,0.9396,0.8424,0.7776,0.81,0.8748,0.7776,NaN,NaN,NaN,NaN,NaN,0.8748
NaN,NaN,NaN,NaN,NaN,NaN,NaN,NaN,NaN,NaN,NaN,NaN,NaN,NaN,NaN,NaN,NaN,NaN,NaN,NaN,NaN,NaN,NaN,NaN,NaN,NaN,NaN,NaN,NaN,NaN,NaN,NaN,NaN,0.81,0.7776,NaN,NaN,NaN,NaN,NaN,NaN,NaN,NaN,NaN,NaN,NaN,NaN,NaN,NaN,NaN
NaN,NaN,NaN,NaN,NaN,NaN,NaN,NaN,NaN,NaN,NaN,NaN,NaN,NaN,NaN,NaN,NaN,NaN,NaN,NaN,NaN,NaN,NaN,NaN,NaN,NaN,NaN,NaN,NaN,NaN,NaN,NaN,NaN,3.5964,1.8468,2.8512,2.5272,2.8512,NaN,NaN,NaN,NaN,NaN,NaN,NaN,NaN,NaN,NaN,NaN,NaN
NaN,NaN,NaN,NaN,NaN,NaN,NaN,NaN,NaN,NaN,NaN,NaN,NaN,NaN,NaN,NaN,NaN,NaN,NaN,NaN,NaN,NaN,NaN,NaN,NaN,NaN,NaN,NaN,NaN,NaN,NaN,NaN,NaN,NaN,0.81,NaN,NaN,NaN,NaN,NaN,1.9764,0.7452,NaN,NaN,NaN,NaN,0.9396,NaN,1.9116,NaN
NaN,NaN,NaN,NaN,NaN,NaN,NaN,NaN,NaN,NaN,NaN,NaN,NaN,NaN,NaN,NaN,NaN,NaN,NaN,NaN,NaN,NaN,NaN,NaN,NaN,NaN,NaN,NaN,NaN,NaN,NaN,NaN,NaN,NaN,1.8792,0.7776,0.8748,0.9396,NaN,NaN,NaN,NaN,NaN,NaN,NaN,NaN,NaN,NaN,NaN,NaN
NaN,NaN,NaN,NaN,NaN,NaN,NaN,NaN,NaN,NaN,NaN,NaN,NaN,NaN,NaN,NaN,NaN,NaN,NaN,NaN,NaN,NaN,NaN,NaN,NaN,NaN,NaN,NaN,NaN,NaN,NaN,NaN,NaN,NaN,1.2312,1.0044,1.1664,NaN,1.5876,1.9116,NaN,1.7496,1.4256,NaN,1.6848,0.8424,NaN,0.81,NaN,NaN
NaN,NaN,NaN,NaN,NaN,NaN,NaN,NaN,NaN,NaN,NaN,NaN,NaN,NaN,NaN,NaN,NaN,NaN,NaN,NaN,NaN,NaN,NaN,NaN,NaN,NaN,NaN,NaN,NaN,NaN,NaN,NaN,NaN,NaN,2.0736,2.0412,1.7496,NaN,NaN,NaN,NaN,NaN,NaN,NaN,NaN,NaN,NaN,NaN,NaN,NaN
NaN,NaN,NaN,NaN,NaN,NaN,NaN,NaN,NaN,NaN,NaN,NaN,NaN,NaN,NaN,NaN,NaN,NaN,NaN,NaN,NaN,NaN,NaN,NaN,NaN,NaN,NaN,NaN,NaN,NaN,NaN,NaN,NaN,NaN,NaN,1.134,1.1988,0.8748,NaN,0.8748,1.3284,1.458,NaN,0.81,1.0368,0.972,0.7776,NaN,0.7452,1.4256
NaN,NaN,NaN,NaN,NaN,NaN,NaN,NaN,NaN,NaN,NaN,NaN,NaN,NaN,NaN,NaN,NaN,NaN,NaN,NaN,NaN,NaN,NaN,NaN,NaN,NaN,NaN,NaN,NaN,NaN,NaN,NaN,NaN,NaN,NaN,NaN,4.3416,NaN,NaN,NaN,NaN,NaN,NaN,NaN,NaN,NaN,2.754,NaN,NaN,NaN
NaN,NaN,NaN,NaN,NaN,NaN,NaN,NaN,NaN,NaN,NaN,NaN,NaN,NaN,NaN,NaN,NaN,NaN,NaN,NaN,NaN,NaN,NaN,NaN,NaN,NaN,NaN,NaN,NaN,NaN,NaN,NaN,NaN,NaN,NaN,NaN,1.3932,1.8468,0.9072,0.8748,1.0044,1.0692,1.944,0.7776,NaN,NaN,1.1016,NaN,NaN,NaN
NaN,NaN,NaN,NaN,NaN,NaN,NaN,NaN,NaN,NaN,NaN,NaN,NaN,NaN,NaN,NaN,NaN,NaN,NaN,NaN,NaN,NaN,NaN,NaN,NaN,NaN,NaN,NaN,NaN,NaN,NaN,NaN,NaN,NaN,NaN,NaN,1.458,NaN,1.782,1.4256,0.9396,1.4904,1.1016,1.296,NaN,NaN,0.972,NaN,1.4904,NaN
NaN,NaN,NaN,NaN,NaN,NaN,NaN,NaN,NaN,NaN,NaN,NaN,NaN,NaN,NaN,NaN,NaN,NaN,NaN,NaN,NaN,NaN,NaN,NaN,NaN,NaN,NaN,NaN,NaN,NaN,NaN,NaN,NaN,NaN,NaN,NaN,NaN,1.0692,1.3608,NaN,1.1988,1.1016,1.0044,NaN,0.8748,0.8748,1.8468,0.7776,NaN,NaN
NaN,NaN,NaN,NaN,NaN,NaN,NaN,NaN,NaN,NaN,NaN,NaN,NaN,NaN,NaN,NaN,NaN,NaN,NaN,NaN,NaN,NaN,NaN,NaN,NaN,NaN,NaN,NaN,NaN,NaN,NaN,NaN,NaN,NaN,NaN,NaN,NaN,1.62,NaN,NaN,NaN,1.5228,0.972,NaN,NaN,NaN,NaN,NaN,NaN,NaN
NaN,NaN,NaN,NaN,NaN,NaN,NaN,NaN,NaN,NaN,NaN,NaN,NaN,NaN,NaN,NaN,NaN,NaN,NaN,NaN,NaN,NaN,NaN,NaN,NaN,NaN,NaN,NaN,NaN,NaN,NaN,NaN,NaN,NaN,NaN,NaN,NaN,NaN,1.2312,2.1384,2.4948,0.81,1.1988,1.4904,NaN,2.43,1.4256,NaN,1.3608,1.7496
NaN,NaN,NaN,NaN,NaN,NaN,NaN,NaN,NaN,NaN,NaN,NaN,NaN,NaN,NaN,NaN,NaN,NaN,NaN,NaN,NaN,NaN,NaN,NaN,NaN,NaN,NaN,NaN,NaN,NaN,NaN,NaN,NaN,NaN,NaN,NaN,NaN,NaN,NaN,1.0692,0.9396,0.8748,NaN,NaN,0.8748,NaN,NaN,NaN,NaN,NaN
NaN,NaN,NaN,NaN,NaN,NaN,NaN,NaN,NaN,NaN,NaN,NaN,NaN,NaN,NaN,NaN,NaN,NaN,NaN,NaN,NaN,NaN,NaN,NaN,NaN,NaN,NaN,NaN,NaN,NaN,NaN,NaN,NaN,NaN,NaN,NaN,NaN,NaN,NaN,0.7452,NaN,NaN,NaN,1.0368,0.9072,0.8424,NaN,NaN,NaN,NaN
NaN,NaN,NaN,NaN,NaN,NaN,NaN,NaN,NaN,NaN,NaN,NaN,NaN,NaN,NaN,NaN,NaN,NaN,NaN,NaN,NaN,NaN,NaN,NaN,NaN,NaN,NaN,NaN,NaN,NaN,NaN,NaN,NaN,NaN,NaN,NaN,NaN,NaN,NaN,3.9852,3.7908,3.3696,3.4668,3.564,3.4668,3.5316,3.3696,3.2076,3.2724,3.6288
NaN,NaN,NaN,NaN,NaN,NaN,NaN,NaN,NaN,NaN,NaN,NaN,NaN,NaN,NaN,NaN,NaN,NaN,NaN,NaN,NaN,NaN,NaN,NaN,NaN,NaN,NaN,NaN,NaN,NaN,NaN,NaN,NaN,NaN,NaN,NaN,NaN,NaN,NaN,3.4992,0.8424,NaN,NaN,NaN,0.9396,NaN,NaN,NaN,NaN,1.0044
NaN,NaN,NaN,NaN,NaN,NaN,NaN,NaN,NaN,NaN,NaN,NaN,NaN,NaN,NaN,NaN,NaN,NaN,NaN,NaN,NaN,NaN,NaN,NaN,NaN,NaN,NaN,NaN,NaN,NaN,NaN,NaN,NaN,NaN,NaN,NaN,NaN,NaN,NaN,NaN,0.9396,NaN,NaN,NaN,NaN,0.972,NaN,NaN,0.8748,NaN
NaN,NaN,NaN,NaN,NaN,NaN,NaN,NaN,NaN,NaN,NaN,NaN,NaN,NaN,NaN,NaN,NaN,NaN,NaN,NaN,NaN,NaN,NaN,NaN,NaN,NaN,NaN,NaN,NaN,NaN,NaN,NaN,NaN,NaN,NaN,NaN,NaN,NaN,NaN,NaN,0.8748,NaN,NaN,NaN,0.7452,NaN,NaN,NaN,NaN,NaN
NaN,NaN,NaN,NaN,NaN,NaN,NaN,NaN,NaN,NaN,NaN,NaN,NaN,NaN,NaN,NaN,NaN,NaN,NaN,NaN,NaN,NaN,NaN,NaN,NaN,NaN,NaN,NaN,NaN,NaN,NaN,NaN,NaN,NaN,NaN,NaN,NaN,NaN,NaN,NaN,NaN,NaN,1.0368,0.972,2.0412,1.7172,1.8144,2.2032,1.782,1.8792
NaN,NaN,NaN,NaN,NaN,NaN,NaN,NaN,NaN,NaN,NaN,NaN,NaN,NaN,NaN,NaN,NaN,NaN,NaN,NaN,NaN,NaN,NaN,NaN,NaN,NaN,NaN,NaN,NaN,NaN,NaN,NaN,NaN,NaN,NaN,NaN,NaN,NaN,NaN,NaN,NaN,NaN,2.3004,NaN,NaN,NaN,NaN,NaN,1.8792,NaN
NaN,NaN,NaN,NaN,NaN,NaN,NaN,NaN,NaN,NaN,NaN,NaN,NaN,NaN,NaN,NaN,NaN,NaN,NaN,NaN,NaN,NaN,NaN,NaN,NaN,NaN,NaN,NaN,NaN,NaN,NaN,NaN,NaN,NaN,NaN,NaN,NaN,NaN,NaN,NaN,NaN,NaN,NaN,2.4624,2.4948,4.212,2.3652,3.5316,2.8512,3.6936
NaN,NaN,NaN,NaN,NaN,NaN,NaN,NaN,NaN,NaN,NaN,NaN,NaN,NaN,NaN,NaN,NaN,NaN,NaN,NaN,NaN,NaN,NaN,NaN,NaN,NaN,NaN,NaN,NaN,NaN,NaN,NaN,NaN,NaN,NaN,NaN,NaN,NaN,NaN,NaN,NaN,NaN,NaN,NaN,2.2356,NaN,2.1708,NaN,NaN,NaN
NaN,NaN,NaN,NaN,NaN,NaN,NaN,NaN,NaN,NaN,NaN,NaN,NaN,NaN,NaN,NaN,NaN,NaN,NaN,NaN,NaN,NaN,NaN,NaN,NaN,NaN,NaN,NaN,NaN,NaN,NaN,NaN,NaN,NaN,NaN,NaN,NaN,NaN,NaN,NaN,NaN,NaN,NaN,NaN,1.1988,1.3284,1.0692,NaN,1.5552,NaN
NaN,NaN,NaN,NaN,NaN,NaN,NaN,NaN,NaN,NaN,NaN,NaN,NaN,NaN,NaN,NaN,NaN,NaN,NaN,NaN,NaN,NaN,NaN,NaN,NaN,NaN,NaN,NaN,NaN,NaN,NaN,NaN,NaN,NaN,NaN,NaN,NaN,NaN,NaN,NaN,NaN,NaN,NaN,NaN,NaN,1.3608,1.1016,1.134,NaN,0.7452
NaN,NaN,NaN,NaN,NaN,NaN,NaN,NaN,NaN,NaN,NaN,NaN,NaN,NaN,NaN,NaN,NaN,NaN,NaN,NaN,NaN,NaN,NaN,NaN,NaN,NaN,NaN,NaN,NaN,NaN,NaN,NaN,NaN,NaN,NaN,NaN,NaN,NaN,NaN,NaN,NaN,NaN,NaN,NaN,NaN,0.7452,NaN,NaN,0.9072,0.8748
NaN,NaN,NaN,NaN,NaN,NaN,NaN,NaN,NaN,NaN,NaN,NaN,NaN,NaN,NaN,NaN,NaN,NaN,NaN,NaN,NaN,NaN,NaN,NaN,NaN,NaN,NaN,NaN,NaN,NaN,NaN,NaN,NaN,NaN,NaN,NaN,NaN,NaN,NaN,NaN,NaN,NaN,NaN,NaN,NaN,NaN,1.7496,2.106,1.7496,1.2636
NaN,NaN,NaN,NaN,NaN,NaN,NaN,NaN,NaN,NaN,NaN,NaN,NaN,NaN,NaN,NaN,NaN,NaN,NaN,NaN,NaN,NaN,NaN,NaN,NaN,NaN,NaN,NaN,NaN,NaN,NaN,NaN,NaN,NaN,NaN,NaN,NaN,NaN,NaN,NaN,NaN,NaN,NaN,NaN,NaN,NaN,NaN,1.0044,1.1016,1.1664
NaN,NaN,NaN,NaN,NaN,NaN,NaN,NaN,NaN,NaN,NaN,NaN,NaN,NaN,NaN,NaN,NaN,NaN,NaN,NaN,NaN,NaN,NaN,NaN,NaN,NaN,NaN,NaN,NaN,NaN,NaN,NaN,NaN,NaN,NaN,NaN,NaN,NaN,NaN,NaN,NaN,NaN,NaN,NaN,NaN,NaN,NaN,0.8748,NaN,1.134
NaN,NaN,NaN,NaN,NaN,NaN,NaN,NaN,NaN,NaN,NaN,NaN,NaN,NaN,NaN,NaN,NaN,NaN,NaN,NaN,NaN,NaN,NaN,NaN,NaN,NaN,NaN,NaN,NaN,NaN,NaN,NaN,NaN,NaN,NaN,NaN,NaN,NaN,NaN,NaN,NaN,NaN,NaN,NaN,NaN,NaN,NaN,2.0736,1.134,1.2636
NaN,NaN,NaN,NaN,NaN,NaN,NaN,NaN,NaN,NaN,NaN,NaN,NaN,NaN,NaN,NaN,NaN,NaN,NaN,NaN,NaN,NaN,NaN,NaN,NaN,NaN,NaN,NaN,NaN,NaN,NaN,NaN,NaN,NaN,NaN,NaN,NaN,NaN,NaN,NaN,NaN,NaN,NaN,NaN,NaN,NaN,NaN,NaN,1.9116,5.832
